1.265000000000000036e+01 1.294875400000000001e-06 5.588000000000000142e-09 6.666670000000000191e-04 1.833299999999999947e-03 5.000000000000000000e-01 1.015149999999999928e-06 1.452869999999999959e-07 6.666670000000000191e-04 2.633330000000000046e-02 1.000000000000000000e+00 9.769650000000000135e-07 -1.341110000000000023e-07 6.666670000000000191e-04 -2.266670000000000143e-02 0.000000000000000000e+00
1.265499999999999936e+01 1.404747500000000013e-06 -2.467999999999999997e-08 1.666670000000000087e-04 1.166699999999999899e-03 5.000000000000000000e-01 1.160439999999999981e-06 4.889500000000000207e-08 6.666670000000000191e-04 5.366669999999999774e-02 0.000000000000000000e+00 1.000710000000000072e-06 -9.825500000000000202e-08 -3.333330000000000017e-04 -5.133329999999999838e-02 1.000000000000000000e+00
1.266000000000000014e+01 1.784009499999999932e-06 -4.619380000000000168e-07 1.666670000000000087e-04 1.549999999999999989e-02 0.000000000000000000e+00 1.407240000000000099e-06 -4.721819999999999860e-07 -3.333330000000000017e-04 4.766669999999999935e-02 0.000000000000000000e+00 1.337390000000000040e-06 -4.516930000000000200e-07 6.666670000000000191e-04 -1.666669999999999957e-02 0.000000000000000000e+00
1.266499999999999915e+01 2.360312500000000113e-06 -6.572850000000000520e-07 6.666670000000000191e-04 1.516668499999999919e-02 0.000000000000000000e+00 1.923200000000000069e-06 -6.309750000000000236e-07 6.666670000000000191e-04 6.666670000000000408e-03 0.000000000000000000e+00 1.708050000000000104e-06 -6.835940000000000529e-07 6.666670000000000191e-04 2.366669999999999885e-02 0.000000000000000000e+00
1.266999999999999993e+01 3.373994000000000057e-06 -7.811509999999999517e-07 3.333335000000000096e-04 1.283330000000000061e-02 0.000000000000000000e+00 2.704109999999999932e-06 -6.388910000000000000e-07 -3.333330000000000017e-04 -3.166669999999999902e-02 0.000000000000000000e+00 2.486650000000000154e-06 -9.234099999999999816e-07 1.000000000000000021e-03 5.733329999999999677e-02 0.000000000000000000e+00
1.267500000000000071e+01 3.898530999999999825e-06 -7.781240000000000398e-07 1.666668500000000009e-03 4.416665000000000174e-02 0.000000000000000000e+00 3.104109999999999914e-06 -8.200330000000000480e-07 3.666669999999999912e-03 5.700000000000000205e-02 0.000000000000000000e+00 2.893630000000000110e-06 -7.362140000000000039e-07 -3.333330000000000017e-04 3.133330000000000143e-02 0.000000000000000000e+00
1.267999999999999972e+01 4.112829500000000532e-06 -8.817340000000000523e-07 1.666670000000000087e-04 5.766664999999999985e-02 5.000000000000000000e-01 3.272679999999999895e-06 -8.107200000000000492e-07 6.666670000000000191e-04 5.999999999999999778e-02 0.000000000000000000e+00 3.054749999999999848e-06 -9.527470000000000279e-07 -3.333330000000000017e-04 5.533330000000000193e-02 1.000000000000000000e+00
1.268500000000000050e+01 4.125543499999999543e-06 -8.170060000000000302e-07 6.666699999999999579e-04 3.333330000000000320e-02 5.000000000000000000e-01 3.244739999999999871e-06 -7.096710000000000024e-07 -2.333330000000000213e-03 1.433330000000000021e-02 1.000000000000000000e+00 3.102249999999999817e-06 -9.243409999999999520e-07 3.666669999999999912e-03 5.233329999999999926e-02 0.000000000000000000e+00
1.268999999999999950e+01 3.580719999999999998e-06 -7.709059999999999549e-07 1.499998499999999953e-03 -9.666700000000000292e-03 5.000000000000000000e-01 2.834029999999999868e-06 -6.775410000000000449e-07 6.666670000000000191e-04 -4.566669999999999757e-02 0.000000000000000000e+00 2.674769999999999803e-06 -8.642709999999999707e-07 2.333330000000000213e-03 2.633330000000000046e-02 1.000000000000000000e+00
1.269500000000000028e+01 2.783768000000000314e-06 -3.906920000000000153e-07 1.666670000000000087e-04 -4.833350000000000146e-03 0.000000000000000000e+00 2.169530000000000131e-06 -4.409829999999999989e-07 6.666670000000000191e-04 -3.166669999999999902e-02 0.000000000000000000e+00 2.113190000000000091e-06 -3.404000000000000041e-07 -3.333330000000000017e-04 2.199999999999999872e-02 0.000000000000000000e+00
1.269999999999999929e+01 1.637506000000000158e-06 -1.187399999999999932e-08 8.333334999999999658e-04 1.166699999999999899e-03 5.000000000000000000e-01 1.267539999999999980e-06 -9.965199999999999792e-08 6.666670000000000191e-04 -3.633329999999999893e-02 1.000000000000000000e+00 1.251700000000000018e-06 7.590300000000000145e-08 1.000000000000000021e-03 3.866669999999999829e-02 0.000000000000000000e+00
1.270500000000000007e+01 4.715789000000000247e-07 2.742759999999999872e-07 1.666670000000000087e-04 -6.499999999999999702e-03 5.000000000000000000e-01 4.912760000000000377e-07 1.732269999999999933e-07 6.666670000000000191e-04 -5.000000000000000278e-02 0.000000000000000000e+00 2.342289999999999992e-07 3.753249999999999810e-07 -3.333330000000000017e-04 3.699999999999999817e-02 1.000000000000000000e+00
1.271000000000000085e+01 -5.439174000000000077e-07 6.312069999999999690e-07 8.333334999999999658e-04 -2.266666499999999904e-02 5.000000000000000000e-01 -4.060580000000000220e-07 4.684570000000000237e-07 1.000000000000000021e-03 -4.700000000000000011e-02 0.000000000000000000e+00 -4.307389999999999768e-07 7.939559999999999925e-07 6.666670000000000191e-04 1.666670000000000087e-03 1.000000000000000000e+00
1.271499999999999986e+01 -1.306978399999999934e-06 9.783589999999999531e-07 1.666670000000000087e-04 -1.783329999999999985e-02 0.000000000000000000e+00 -1.065440000000000043e-06 9.075770000000000012e-07 -3.333330000000000017e-04 1.266669999999999949e-02 0.000000000000000000e+00 -9.452959999999999699e-07 1.049140000000000089e-06 6.666670000000000191e-04 -4.833330000000000265e-02 0.000000000000000000e+00
1.272000000000000064e+01 -2.294018999999999864e-06 1.211895000000000066e-06 8.333334999999999658e-04 6.499999999999999702e-03 0.000000000000000000e+00 -1.897579999999999923e-06 1.192570000000000044e-06 6.666670000000000191e-04 3.733329999999999982e-02 0.000000000000000000e+00 -1.631680000000000063e-06 1.231220000000000089e-06 1.000000000000000021e-03 -2.433329999999999868e-02 0.000000000000000000e+00
1.272499999999999964e+01 -2.552816500000000074e-06 1.486394999999999937e-06 -1.333331500000000053e-03 1.666665000000000160e-02 0.000000000000000000e+00 -1.905029999999999953e-06 1.574869999999999967e-06 -3.333329999999999800e-03 2.333330000000000126e-02 0.000000000000000000e+00 -2.022380000000000193e-06 1.397919999999999907e-06 6.666670000000000191e-04 1.000000000000000021e-02 0.000000000000000000e+00
1.273000000000000043e+01 -2.671168500000000444e-06 1.530404999999999919e-06 1.666664999999999900e-03 1.166668499999999956e-02 5.000000000000000000e-01 -2.016330000000000056e-06 1.407240000000000099e-06 2.333330000000000213e-03 -4.333329999999999821e-03 0.000000000000000000e+00 -2.093159999999999878e-06 1.653569999999999950e-06 1.000000000000000021e-03 2.766669999999999893e-02 1.000000000000000000e+00
1.273499999999999943e+01 -2.647560500000000145e-06 1.431684999999999998e-06 -2.000000000000000042e-03 -3.916664999999999730e-02 5.000000000000000000e-01 -2.049859999999999801e-06 1.238200000000000063e-06 -2.000000000000000042e-03 -2.999999999999999889e-02 0.000000000000000000e+00 -2.023310000000000030e-06 1.625169999999999934e-06 -2.000000000000000042e-03 -4.833330000000000265e-02 1.000000000000000000e+00
1.274000000000000021e+01 -2.158721500000000250e-06 1.261950000000000047e-06 9.999984999999999430e-04 -3.616670000000000301e-02 1.000000000000000000e+00 -1.757880000000000015e-06 1.148330000000000066e-06 -3.333330000000000017e-04 -4.966670000000000113e-02 0.000000000000000000e+00 -1.563229999999999897e-06 1.375570000000000028e-06 2.333330000000000213e-03 -2.266670000000000143e-02 2.000000000000000000e+00
1.274499999999999922e+01 -1.693503499999999955e-06 9.627590000000000516e-07 0.000000000000000000e+00 -1.166649999999999979e-03 0.000000000000000000e+00 -1.356939999999999920e-06 1.138080000000000037e-06 -6.666670000000000191e-04 -2.100000000000000130e-02 0.000000000000000000e+00 -1.248450000000000092e-06 7.874370000000000385e-07 6.666670000000000191e-04 1.866670000000000135e-02 0.000000000000000000e+00
1.275000000000000000e+01 -1.161992000000000046e-06 6.200320000000000294e-07 0.000000000000000000e+00 3.849999999999999950e-02 0.000000000000000000e+00 -8.475070000000000199e-07 7.431990000000000099e-07 -6.666670000000000191e-04 1.700000000000000122e-02 0.000000000000000000e+00 -9.401740000000000383e-07 4.968640000000000213e-07 6.666670000000000191e-04 5.999999999999999778e-02 0.000000000000000000e+00
1.275500000000000078e+01 -2.932981999999999945e-07 3.839399999999999824e-07 -6.666664999999999570e-04 -2.000001499999999946e-02 0.000000000000000000e+00 -1.257290000000000004e-07 5.057119999999999957e-07 -2.000000000000000042e-03 -4.666669999999999846e-02 0.000000000000000000e+00 -3.254990000000000217e-07 2.621689999999999966e-07 6.666670000000000191e-04 6.666670000000000408e-03 0.000000000000000000e+00
1.275999999999999979e+01 6.885995999999999902e-07 1.851010000000000109e-07 1.666670000000000087e-04 -4.166670000000000096e-02 1.000000000000000000e+00 5.918590000000000325e-07 3.166509999999999944e-07 -3.333330000000000017e-04 -5.166670000000000290e-02 1.000000000000000000e+00 4.675260000000000004e-07 5.355100000000000088e-08 6.666670000000000191e-04 -3.166669999999999902e-02 1.000000000000000000e+00
1.276500000000000057e+01 1.352681200000000184e-06 1.189769999999999939e-07 -6.666670000000000191e-04 -9.333350000000000674e-03 0.000000000000000000e+00 1.260549999999999942e-06 2.775359999999999780e-07 -6.666670000000000191e-04 -1.166670000000000033e-02 0.000000000000000000e+00 8.204989999999999940e-07 -3.958100000000000218e-08 -6.666670000000000191e-04 -7.000000000000000146e-03 0.000000000000000000e+00
1.276999999999999957e+01 1.852103500000000012e-06 -7.636900000000000046e-08 0.000000000000000000e+00 6.500014999999999613e-03 1.000000000000000000e+00 1.676850000000000090e-06 0.000000000000000000e+00 6.666670000000000191e-04 1.866670000000000135e-02 1.000000000000000000e+00 1.172540000000000043e-06 -1.527380000000000009e-07 -6.666670000000000191e-04 -5.666670000000000387e-03 1.000000000000000000e+00
1.277500000000000036e+01 2.176278000000000054e-06 -2.381869999999999874e-07 -8.333315000000000427e-04 -1.783333499999999877e-02 5.000000000000000000e-01 1.803510000000000034e-06 -1.289889999999999912e-07 -2.333330000000000213e-03 -2.699999999999999969e-02 1.000000000000000000e+00 1.544610000000000065e-06 -3.473850000000000100e-07 6.666670000000000191e-04 -8.666669999999999582e-03 0.000000000000000000e+00
1.277999999999999936e+01 2.479873499999999763e-06 -3.182820000000000174e-07 0.000000000000000000e+00 -2.883335000000000065e-02 1.000000000000000000e+00 1.789080000000000030e-06 -2.956970000000000041e-07 6.666670000000000191e-04 -4.866670000000000024e-02 1.000000000000000000e+00 2.026109999999999817e-06 -3.408660000000000031e-07 -6.666670000000000191e-04 -8.999999999999999320e-03 1.000000000000000000e+00
1.278500000000000014e+01 2.666319500000000214e-06 -4.156050000000000214e-07 -6.666670000000000191e-04 -2.316665000000000044e-02 5.000000000000000000e-01 1.885470000000000008e-06 -4.232880000000000247e-07 -6.666670000000000191e-04 -3.300000000000000155e-02 1.000000000000000000e+00 2.216559999999999832e-06 -4.079209999999999904e-07 -6.666670000000000191e-04 -1.333329999999999932e-02 0.000000000000000000e+00
1.278999999999999915e+01 2.761063500000000284e-06 -3.348120000000000205e-07 1.666670000000000087e-04 -3.333334999999999770e-02 0.000000000000000000e+00 2.059170000000000141e-06 -3.380720000000000113e-07 -3.333330000000000017e-04 -4.100000000000000172e-02 0.000000000000000000e+00 2.188619999999999808e-06 -3.315530000000000043e-07 6.666670000000000191e-04 -2.566670000000000063e-02 0.000000000000000000e+00
1.279499999999999993e+01 2.609112999999999866e-06 -4.849890000000000291e-07 8.333334999999999658e-04 8.000000000000000167e-03 0.000000000000000000e+00 1.792800000000000013e-06 -4.638000000000000106e-07 6.666670000000000191e-04 -2.266670000000000143e-02 0.000000000000000000e+00 2.221220000000000139e-06 -5.061770000000000200e-07 1.000000000000000021e-03 3.866669999999999829e-02 0.000000000000000000e+00
1.280000000000000071e+01 2.733523000000000171e-06 -4.407500000000000258e-07 -2.333330000000000213e-03 3.083333499999999991e-02 5.000000000000000000e-01 2.046600000000000022e-06 -4.074549999999999914e-07 -2.333330000000000213e-03 -1.333329999999999975e-03 1.000000000000000000e+00 2.158820000000000110e-06 -4.740450000000000073e-07 -2.333330000000000213e-03 6.300000000000000044e-02 0.000000000000000000e+00
1.280499999999999972e+01 2.653605499999999932e-06 -3.839390000000000077e-07 0.000000000000000000e+00 3.500000000000000073e-03 1.000000000000000000e+00 1.903630000000000060e-06 -3.320179999999999757e-07 6.666670000000000191e-04 2.666670000000000151e-02 1.000000000000000000e+00 2.178840000000000047e-06 -4.358610000000000143e-07 -6.666670000000000191e-04 -1.966669999999999877e-02 1.000000000000000000e+00
1.281000000000000050e+01 2.692352000000000205e-06 -3.767220000000000033e-07 2.500000000000000052e-03 -1.883334999999999870e-02 0.000000000000000000e+00 1.905489999999999945e-06 -4.596100000000000240e-07 2.666669999999999891e-03 1.099999999999999936e-02 0.000000000000000000e+00 2.236590000000000045e-06 -2.938339999999999827e-07 2.333330000000000213e-03 -4.866670000000000024e-02 0.000000000000000000e+00
1.281499999999999950e+01 2.513471999999999811e-06 -3.192129999999999878e-07 -1.499998499999999953e-03 -4.483329999999999954e-02 1.000000000000000000e+00 1.851480000000000059e-06 -5.727669999999999830e-07 -2.333330000000000213e-03 -3.633329999999999893e-02 1.000000000000000000e+00 2.015399999999999796e-06 -6.565900000000000581e-08 -6.666670000000000191e-04 -5.333330000000000015e-02 1.000000000000000000e+00
1.282000000000000028e+01 2.313993499999999921e-06 -4.852209999999999745e-07 2.333330000000000213e-03 -9.666650000000000589e-03 5.000000000000000000e-01 1.804909999999999927e-06 -5.876679999999999654e-07 2.333330000000000213e-03 2.766669999999999893e-02 1.000000000000000000e+00 1.755080000000000017e-06 -3.827750000000000113e-07 2.333330000000000213e-03 -4.700000000000000011e-02 0.000000000000000000e+00
1.282499999999999929e+01 2.242565000000000017e-06 -5.366769999999999821e-07 -1.333333500000000085e-03 1.600000000000000033e-02 5.000000000000000000e-01 1.828190000000000067e-06 -6.426160000000000151e-07 -2.000000000000000042e-03 6.033329999999999943e-02 1.000000000000000000e+00 1.621909999999999943e-06 -4.307389999999999768e-07 -6.666670000000000191e-04 -2.833329999999999876e-02 0.000000000000000000e+00
1.283000000000000007e+01 1.997391500000000221e-06 -3.296899999999999830e-07 6.666670000000000191e-04 -1.183334999999999942e-02 5.000000000000000000e-01 1.577199999999999909e-06 -2.146710000000000037e-07 6.666670000000000191e-04 -1.166670000000000033e-02 1.000000000000000000e+00 1.495709999999999991e-06 -4.447080000000000140e-07 6.666670000000000191e-04 -1.200000000000000025e-02 0.000000000000000000e+00
1.283500000000000085e+01 1.943818500000000115e-06 -2.805629999999999957e-07 6.666670000000000191e-04 -3.500000000000000073e-03 -5.000000000000000000e-01 1.574409999999999974e-06 3.352800000000000085e-08 6.666670000000000191e-04 -3.333330000000000320e-02 -1.000000000000000000e+00 1.416079999999999959e-06 -5.946529999999999714e-07 6.666670000000000191e-04 2.633330000000000046e-02 0.000000000000000000e+00
1.283999999999999986e+01 1.927477499999999877e-06 -1.511080000000000055e-07 0.000000000000000000e+00 -1.166665000000000063e-02 0.000000000000000000e+00 1.615389999999999962e-06 6.985000000000000178e-09 -6.666670000000000191e-04 -4.700000000000000011e-02 0.000000000000000000e+00 1.349959999999999946e-06 -3.092010000000000170e-07 6.666670000000000191e-04 2.366669999999999885e-02 0.000000000000000000e+00
1.284500000000000064e+01 1.817601500000000118e-06 -2.088499999999999941e-07 6.666670000000000191e-04 1.650000000000000078e-02 0.000000000000000000e+00 1.422139999999999948e-06 -1.667080000000000129e-07 6.666670000000000191e-04 -2.233330000000000037e-02 0.000000000000000000e+00 1.374169999999999923e-06 -2.509929999999999765e-07 6.666670000000000191e-04 5.533330000000000193e-02 0.000000000000000000e+00
1.284999999999999964e+01 1.643258500000000235e-06 -2.121090000000000102e-07 1.666668500000000009e-03 -8.333499999999999545e-04 1.000000000000000000e+00 1.292220000000000013e-06 -1.876620000000000032e-07 6.666670000000000191e-04 -4.966670000000000113e-02 1.000000000000000000e+00 1.235869999999999909e-06 -2.365569999999999920e-07 2.666669999999999891e-03 4.800000000000000100e-02 1.000000000000000000e+00
1.285500000000000043e+01 1.528845499999999964e-06 -1.997699999999999948e-07 9.999984999999999430e-04 2.666700000000000147e-03 1.000000000000000000e+00 1.115729999999999946e-06 -2.114110000000000129e-07 2.333330000000000213e-03 -1.333329999999999932e-02 1.000000000000000000e+00 1.236339999999999965e-06 -1.881280000000000022e-07 -3.333330000000000017e-04 1.866670000000000135e-02 1.000000000000000000e+00
1.285999999999999943e+01 1.520674999999999844e-06 -1.413290000000000077e-07 -1.333333500000000085e-03 -8.000014999999999210e-03 5.000000000000000000e-01 1.238669999999999907e-06 -3.268959999999999912e-07 -6.666670000000000191e-04 -4.333329999999999821e-03 0.000000000000000000e+00 1.100830000000000097e-06 4.423800000000000213e-08 -2.000000000000000042e-03 -1.166670000000000033e-02 1.000000000000000000e+00
1.286500000000000021e+01 1.362673000000000201e-06 -4.353999999999999813e-08 6.666670000000000191e-04 5.000000000000000104e-04 0.000000000000000000e+00 1.024460000000000056e-06 -2.030290000000000110e-07 6.666670000000000191e-04 -5.000000000000000278e-02 0.000000000000000000e+00 1.071960000000000025e-06 1.159500000000000026e-07 6.666670000000000191e-04 5.099999999999999672e-02 0.000000000000000000e+00
1.286999999999999922e+01 1.384767799999999939e-06 8.777700000000000573e-08 -2.166664999999999910e-03 1.499999999999999944e-02 5.000000000000000000e-01 9.285320000000000192e-07 -2.328300000000000077e-08 -2.333330000000000213e-03 -1.166670000000000033e-02 1.000000000000000000e+00 1.201879999999999960e-06 1.988379999999999968e-07 -2.000000000000000042e-03 4.166670000000000096e-02 0.000000000000000000e+00
1.287500000000000000e+01 1.481925900000000092e-06 1.271259999999999963e-07 1.666670000000000087e-04 1.400001499999999933e-02 5.000000000000000000e-01 9.485559999999999608e-07 1.089649999999999967e-07 6.666670000000000191e-04 2.166670000000000054e-02 1.000000000000000000e+00 1.331330000000000050e-06 1.452869999999999959e-07 -3.333330000000000017e-04 6.333329999999999863e-03 0.000000000000000000e+00
1.288000000000000078e+01 1.363884600000000018e-06 -3.491999999999999935e-09 -1.333333500000000085e-03 1.433330000000000021e-02 5.000000000000000000e-01 8.982640000000000025e-07 -4.191000000000000107e-09 -2.000000000000000042e-03 5.233329999999999926e-02 0.000000000000000000e+00 1.200020000000000074e-06 -2.794000000000000071e-09 -6.666670000000000191e-04 -2.366669999999999885e-02 1.000000000000000000e+00
1.288499999999999979e+01 1.436827600000000117e-06 -1.299199999999999881e-07 1.666668500000000009e-03 1.083333499999999949e-02 5.000000000000000000e-01 8.596139999999999575e-07 -6.845299999999999760e-08 2.666669999999999891e-03 2.000000000000000042e-02 0.000000000000000000e+00 1.350889999999999995e-06 -1.913879999999999930e-07 6.666670000000000191e-04 1.666670000000000087e-03 1.000000000000000000e+00
1.289000000000000057e+01 1.461950099999999977e-06 -1.392329999999999869e-07 1.666670000000000087e-04 2.333334999999999923e-02 0.000000000000000000e+00 9.909339999999999978e-07 -4.656600000000000153e-08 6.666670000000000191e-04 1.566669999999999868e-02 0.000000000000000000e+00 1.258220000000000000e-06 -2.319000000000000053e-07 -3.333330000000000017e-04 3.099999999999999978e-02 0.000000000000000000e+00
1.289499999999999957e+01 1.474362499999999938e-06 -2.388859999999999859e-07 0.000000000000000000e+00 2.183335000000000137e-02 1.000000000000000000e+00 1.082199999999999989e-06 -2.444740000000000225e-07 -6.666670000000000191e-04 1.400000000000000029e-02 1.000000000000000000e+00 1.186050000000000062e-06 -2.332970000000000012e-07 6.666670000000000191e-04 2.966670000000000071e-02 1.000000000000000000e+00
1.290000000000000036e+01 1.368724500000000061e-06 -2.775359999999999780e-07 -1.499998499999999953e-03 1.566665000000000071e-02 5.000000000000000000e-01 1.020270000000000016e-06 -2.780019999999999770e-07 -6.666670000000000191e-04 -1.966669999999999877e-02 1.000000000000000000e+00 1.085459999999999980e-06 -2.770699999999999790e-07 -2.333330000000000213e-03 5.099999999999999672e-02 0.000000000000000000e+00
