12.650000000000	0.000001020038	0.000000056578	0.000166666500	0.021666650000	1.000000000000	0.000000849835	0.000000089873	0.001000000000	-0.016666700000	1.000000000000	0.000001190240	0.000000023283	-0.000666667000	0.060000000000	1.000000000000
12.655000000000	0.000000449133	0.000000232133	0.000666667000	0.023333300000	0.500000000000	0.000000451228	0.000000302216	0.000666667000	-0.016666700000	0.000000000000	0.000000447037	0.000000162051	0.000666667000	0.063333300000	1.000000000000
12.660000000000	0.000000102679	0.000000571137	-0.000666665000	0.000000000000	0.500000000000	0.000000084751	0.000000520147	-0.002333330000	-0.031333300000	0.000000000000	0.000000120607	0.000000622127	0.001000000000	0.031333300000	1.000000000000
12.665000000000	-0.000000394417	0.000000749951	-0.000333333000	0.013666700000	0.500000000000	-0.000000475442	0.000000610951	-0.000333333000	-0.022333300000	1.000000000000	-0.000000313392	0.000000888951	-0.000333333000	0.049666700000	0.000000000000
12.670000000000	-0.000000718984	0.000000799546	0.000166667000	0.008833350000	0.500000000000	-0.000000681266	0.000000610486	0.000666667000	-0.041000000000	1.000000000000	-0.000000756703	0.000000988606	-0.000333333000	0.058666700000	0.000000000000
12.675000000000	-0.000000785109	0.000000721313	0.000166667000	0.026333315000	0.000000000000	-0.000000866599	0.000000641219	-0.000333333000	-0.002666670000	0.000000000000	-0.000000703618	0.000000801407	0.000666667000	0.055333300000	0.000000000000
12.680000000000	-0.000000341332	0.000000489413	0.000166667000	0.046166700000	0.500000000000	-0.000000499658	0.000000445640	-0.000333333000	0.041666700000	1.000000000000	-0.000000183006	0.000000533186	0.000666667000	0.050666700000	0.000000000000
12.685000000000	0.000000182075	0.000000312228	0.001666668500	-0.012333315000	1.000000000000	0.000000204892	0.000000306407	-0.000333333000	-0.022333300000	1.000000000000	0.000000159257	0.000000318048	0.003666670000	-0.002333330000	1.000000000000
12.690000000000	0.000000892211	0.000000027707	-0.001333331500	-0.045500000000	0.500000000000	0.000000848904	-0.000000084285	0.000666667000	-0.041000000000	0.000000000000	0.000000935517	0.000000139699	-0.003333330000	-0.050000000000	1.000000000000
12.695000000000	0.000001750890	-0.000000316884	0.000666667000	-0.049166650000	1.000000000000	0.000001786280	-0.000000392089	0.000666667000	-0.051333300000	1.000000000000	0.000001715500	-0.000000241680	0.000666667000	-0.047000000000	1.000000000000
12.700000000000	0.000002660800	-0.000000837496	0.000666667000	-0.043166700000	0.000000000000	0.000002712490	-0.000000915959	0.000666667000	-0.042666700000	0.000000000000	0.000002609110	-0.000000759032	0.000666667000	-0.043666700000	0.000000000000
12.705000000000	0.000003271515	-0.000001164630	0.000666667000	-0.044000000000	1.000000000000	0.000003226580	-0.000001186050	0.000666667000	-0.044000000000	1.000000000000	0.000003316450	-0.000001143210	0.000666667000	-0.044000000000	1.000000000000
12.710000000000	0.000003660345	-0.000001265205	0.000000000000	-0.007333335000	0.000000000000	0.000003709940	-0.000001240060	0.000666667000	-0.012000000000	0.000000000000	0.000003610750	-0.000001290350	-0.000666667000	-0.002666670000	0.000000000000
12.715000000000	0.000003921365	-0.000001432615	0.000333333500	-0.051500000000	0.500000000000	0.000004024740	-0.000001393270	-0.000333333000	-0.051333300000	0.000000000000	0.000003817990	-0.000001471960	0.001000000000	-0.051666700000	1.000000000000
12.720000000000	0.000004044760	-0.000001325745	-0.001833331500	-0.031833350000	0.500000000000	0.000004016820	-0.000001440760	-0.000333333000	-0.021000000000	1.000000000000	0.000004072700	-0.000001210730	-0.003333330000	-0.042666700000	0.000000000000
12.725000000000	0.000003912745	-0.000001301295	0.000333333500	-0.039000000000	0.500000000000	0.000003760700	-0.000001318290	0.001000000000	-0.028333300000	1.000000000000	0.000004064790	-0.000001284300	-0.000333333000	-0.049666700000	0.000000000000
12.730000000000	0.000003312260	-0.000001023068	0.000333333500	-0.028000000000	0.000000000000	0.000003332750	-0.000000973705	-0.000333333000	-0.012000000000	0.000000000000	0.000003291770	-0.000001072430	0.001000000000	-0.044000000000	0.000000000000
12.735000000000	0.000002723205	-0.000000779520	0.001499998500	-0.043000000000	0.500000000000	0.000002766510	-0.000000773001	0.000666667000	-0.044000000000	0.000000000000	0.000002679900	-0.000000786040	0.002333330000	-0.042000000000	1.000000000000
12.740000000000	0.000001950900	-0.000000648436	0.000833331500	-0.007500015000	1.000000000000	0.000002024710	-0.000000835866	0.002333330000	-0.016666700000	2.000000000000	0.000001877090	-0.000000461006	-0.000666667000	0.001666670000	0.000000000000
12.745000000000	0.000001652405	-0.000000436327	-0.000666666500	-0.038166650000	1.000000000000	0.000001677320	-0.000000638425	-0.002000000000	-0.034333300000	1.000000000000	0.000001627490	-0.000000234229	0.000666667000	-0.042000000000	1.000000000000
12.750000000000	0.000001183250	-0.000000095228	0.000999998500	-0.025000000000	1.500000000000	0.000001026320	-0.000000058673	-0.000333333000	-0.016666700000	1.000000000000	0.000001340180	-0.000000131783	0.002333330000	-0.033333300000	2.000000000000
12.755000000000	0.000000738543	0.000000089407	-0.001333331500	-0.034666650000	0.000000000000	0.000000651464	0.000000089873	-0.002333330000	-0.030000000000	0.000000000000	0.000000825621	0.000000088942	-0.000333333000	-0.039333300000	0.000000000000
12.760000000000	0.000000323637	0.000000291273	0.000000000000	-0.016500015000	2.000000000000	0.000000333881	0.000000358561	0.000666667000	-0.007333330000	2.000000000000	0.000000313392	0.000000223984	-0.000666667000	-0.025666700000	2.000000000000
12.765000000000	0.000000054483	0.000000389994	0.000999998500	-0.009333350000	0.500000000000	-0.000000097324	0.000000492208	0.002333330000	-0.047000000000	1.000000000000	0.000000206289	0.000000287780	-0.000333333000	0.028333300000	0.000000000000
12.770000000000	-0.000000108034	0.000000607226	0.000666667000	-0.007500015000	0.000000000000	-0.000000105706	0.000000674281	0.000666667000	0.001666670000	0.000000000000	-0.000000110362	0.000000540171	0.000666667000	-0.016666700000	0.000000000000
12.775000000000	-0.000000108034	0.000000597447	0.000000000000	-0.001833300000	0.500000000000	-0.000000176487	0.000000527132	0.000666667000	0.020666700000	0.000000000000	-0.000000039581	0.000000667762	-0.000666667000	-0.024333300000	1.000000000000
12.780000000000	-0.000000235394	0.000000764620	-0.000500000000	0.005666650000	0.000000000000	-0.000000271017	0.000000703152	-0.000333333000	0.040000000000	0.000000000000	-0.000000199770	0.000000826087	-0.000666667000	-0.028666700000	0.000000000000
12.785000000000	-0.000000305941	0.000000575794	-0.001499998500	-0.003333350000	0.500000000000	-0.000000341797	0.000000533186	-0.002333330000	0.029333300000	0.000000000000	-0.000000270085	0.000000618402	-0.000666667000	-0.036000000000	1.000000000000
12.790000000000	-0.000000233297	0.000000577423	0.001666668500	-0.008666650000	0.000000000000	-0.000000316651	0.000000467991	0.002666670000	-0.044000000000	0.000000000000	-0.000000149944	0.000000686854	0.000666667000	0.026666700000	0.000000000000
12.795000000000	-0.000000172063	0.000000429575	-0.000833331500	-0.003333300000	0.000000000000	-0.000000305010	0.000000484291	-0.002333330000	-0.048333300000	0.000000000000	-0.000000039116	0.000000374859	0.000666667000	0.041666700000	0.000000000000
12.800000000000	0.000000103377	0.000000366244	-0.000666667000	0.015833350000	0.000000000000	0.000000286849	0.000000289177	-0.000666667000	-0.010333300000	0.000000000000	-0.000000080094	0.000000443311	-0.000666667000	0.042000000000	0.000000000000
12.805000000000	0.000000284986	0.000000331552	-0.000666665000	0.024000000000	0.000000000000	0.000000363683	0.000000367874	-0.002333330000	0.014000000000	0.000000000000	0.000000206289	0.000000295231	0.001000000000	0.034000000000	0.000000000000
12.810000000000	0.000000404196	0.000000360656	0.000666667000	0.039666700000	0.000000000000	0.000000389295	0.000000319445	0.000666667000	0.029666700000	0.000000000000	0.000000419097	0.000000401868	0.000666667000	0.049666700000	0.000000000000
12.815000000000	0.000000408852	0.000000220492	0.001499998500	0.029500000000	0.500000000000	0.000000344591	0.000000189059	0.000666667000	0.019000000000	0.000000000000	0.000000473114	0.000000251925	0.002333330000	0.040000000000	1.000000000000
12.820000000000	0.000000513394	0.000000072411	0.000166667000	0.015000000000	1.000000000000	0.000000327827	0.000000007916	0.000666667000	-0.027000000000	2.000000000000	0.000000698961	0.000000136905	-0.000333333000	0.057000000000	0.000000000000
12.825000000000	0.000000607226	0.000000125496	-0.001999998500	-0.035333350000	0.500000000000	0.000000526201	0.000000154600	-0.000666667000	-0.050000000000	1.000000000000	0.000000688251	0.000000096392	-0.003333330000	-0.020666700000	0.000000000000
12.830000000000	0.000000769975	0.000000078232	-0.001166666500	0.017166650000	1.500000000000	0.000000668228	0.000000029802	-0.002000000000	-0.022666700000	1.000000000000	0.000000871722	0.000000126661	-0.000333333000	0.057000000000	2.000000000000
12.835000000000	0.000000718519	0.000000106404	0.000666667000	0.018000015000	0.500000000000	0.000000775795	0.000000165776	0.000666667000	-0.008666670000	0.000000000000	0.000000661243	0.000000047032	0.000666667000	0.044666700000	1.000000000000
12.840000000000	0.000000880103	-0.000000013505	0.000666667000	0.035666650000	0.500000000000	0.000001051000	0.000000108034	0.000666667000	0.008000000000	0.000000000000	0.000000709206	-0.000000135043	0.000666667000	0.063333300000	1.000000000000
12.845000000000	0.000000834469	-0.000000080327	0.000666667000	0.025000000000	0.500000000000	0.000000936914	0.000000052154	0.000666667000	-0.010333300000	0.000000000000	0.000000732023	-0.000000212808	0.000666667000	0.060333300000	1.000000000000
12.850000000000	0.000000970213	0.000000062399	0.000166667000	-0.030000000000	0.500000000000	0.000000962529	0.000000116881	-0.000333333000	-0.053000000000	0.000000000000	0.000000977896	0.000000007916	0.000666667000	-0.007000000000	1.000000000000
12.855000000000	0.000000940175	0.000000166940	0.000166667000	-0.020000000000	1.000000000000	0.000000874981	0.000000233297	0.000666667000	-0.014666700000	0.000000000000	0.000001005370	0.000000100583	-0.000333333000	-0.025333300000	2.000000000000
12.860000000000	0.000000942038	0.000000170433	-0.001166665000	-0.025500000000	1.500000000000	0.000000962995	0.000000109897	0.001000000000	-0.009000000000	1.000000000000	0.000000921082	0.000000230969	-0.003333330000	-0.042000000000	2.000000000000
12.865000000000	0.000000825156	0.000000101515	-0.000500000000	0.024833350000	1.000000000000	0.000000784177	-0.000000170433	-0.000333333000	0.011000000000	1.000000000000	0.000000866134	0.000000373462	-0.000666667000	0.038666700000	1.000000000000
12.870000000000	0.000001021201	0.000000115019	-0.001666666500	0.021666650000	1.000000000000	0.000000953212	-0.000000037719	0.000666667000	0.023333300000	1.000000000000	0.000001089190	0.000000267757	-0.004000000000	0.020000000000	1.000000000000
12.875000000000	0.000001068930	-0.000000044238	-0.000333333000	-0.006500000000	0.500000000000	0.000000952281	-0.000000207220	-0.000333333000	-0.047000000000	0.000000000000	0.000001185580	0.000000118744	-0.000333333000	0.034000000000	1.000000000000
12.880000000000	0.000000979990	0.000000000233	0.001499998500	-0.047000000000	0.000000000000	0.000000909440	-0.000000032131	0.002333330000	-0.047000000000	0.000000000000	0.000001050540	0.000000032596	0.000666667000	-0.047000000000	0.000000000000
12.885000000000	0.000001016310	0.000000080560	0.000666667000	-0.002833300000	0.500000000000	0.000000892211	0.000000155532	0.000666667000	-0.033333300000	0.000000000000	0.000001140410	0.000000005588	0.000666667000	0.027666700000	1.000000000000
12.890000000000	0.000001095474	0.000000026310	-0.001333331500	0.017833300000	0.500000000000	0.000000848439	0.000000050757	-0.002333330000	-0.022666700000	1.000000000000	0.000001342510	0.000000001863	-0.000333333000	0.058333300000	0.000000000000
12.895000000000	0.000001132029	-0.000000106870	0.000666667000	0.002833350000	0.500000000000	0.000000975568	-0.000000128058	0.000666667000	-0.041000000000	0.000000000000	0.000001288490	-0.000000085682	0.000666667000	0.046666700000	1.000000000000
12.900000000000	0.000001147400	-0.000000071712	0.002333330000	0.007333350000	0.500000000000	0.000001140880	-0.000000191388	0.002333330000	-0.035000000000	1.000000000000	0.000001153920	0.000000047963	0.002333330000	0.049666700000	0.000000000000
