12.650000000000	0.000001219110	0.000000063563	0.002166668500	-0.002000000000	1.000000000000	0.000001082670	-0.000000041910	0.000666667000	0.032333300000	1.000000000000	0.000001355550	0.000000169036	0.003666670000	-0.036333300000	1.000000000000
12.655000000000	0.000000552278	0.000000331552	-0.000333333000	-0.022000000000	0.000000000000	0.000000731558	0.000000265894	-0.000333333000	-0.009000000000	0.000000000000	0.000000372997	0.000000397211	-0.000333333000	-0.035000000000	0.000000000000
12.660000000000	-0.000000200701	0.000000655421	0.001000000000	-0.017833335000	0.500000000000	0.000000102912	0.000000603966	0.001000000000	0.005333330000	1.000000000000	-0.000000504315	0.000000706877	0.001000000000	-0.041000000000	0.000000000000
12.665000000000	-0.000000741569	0.000000860545	-0.000833331500	0.002833350000	0.500000000000	-0.000000677075	0.000000826552	-0.002333330000	-0.010000000000	1.000000000000	-0.000000806063	0.000000894539	0.000666667000	0.015666700000	0.000000000000
12.670000000000	-0.000000947627	0.000000941806	0.001499998500	-0.011166650000	1.000000000000	-0.000000935983	0.000000987209	0.002333330000	0.005000000000	1.000000000000	-0.000000959270	0.000000896402	0.000666667000	-0.027333300000	1.000000000000
12.675000000000	-0.000001053102	0.000000983946	0.000833335000	-0.024000000000	1.500000000000	-0.000000955544	0.000000925273	-0.002000000000	-0.013000000000	1.000000000000	-0.000001150660	0.000001042620	0.003666670000	-0.035000000000	2.000000000000
12.680000000000	-0.000000493836	0.000000668228	0.000000000000	-0.036000000000	0.000000000000	-0.000000533651	0.000000651464	0.000666667000	-0.033000000000	0.000000000000	-0.000000454022	0.000000684991	-0.000666667000	-0.039000000000	0.000000000000
12.685000000000	0.000000075205	0.000000300353	0.000000000000	-0.001166650000	0.000000000000	-0.000000001397	0.000000397211	-0.000666667000	-0.024333300000	0.000000000000	0.000000151806	0.000000203495	0.000666667000	0.022000000000	0.000000000000
12.690000000000	0.000001006067	-0.000000074972	-0.000833331500	-0.006166650000	0.000000000000	0.000000982553	-0.000000021886	-0.002333330000	-0.034333300000	0.000000000000	0.000001029580	-0.000000128058	0.000666667000	0.022000000000	0.000000000000
12.695000000000	0.000001960450	-0.000000460774	0.000833335000	0.014166650000	0.500000000000	0.000001953930	-0.000000463335	-0.002000000000	-0.028666700000	1.000000000000	0.000001966970	-0.000000458213	0.003666670000	0.057000000000	0.000000000000
12.700000000000	0.000003054285	-0.000000867067	0.000000000000	0.017500000000	0.000000000000	0.000003079430	-0.000000955079	0.000666667000	-0.017666700000	0.000000000000	0.000003029140	-0.000000779055	-0.000666667000	0.052666700000	0.000000000000
12.705000000000	0.000003853135	-0.000001259385	0.000166667000	0.025500000000	0.000000000000	0.000003783980	-0.000001258220	0.000666667000	-0.010333300000	0.000000000000	0.000003922290	-0.000001260550	-0.000333333000	0.061333300000	0.000000000000
12.710000000000	0.000004510660	-0.000001552055	0.000166667000	0.008000000000	0.500000000000	0.000004363280	-0.000001578130	-0.000333333000	-0.045333300000	0.000000000000	0.000004658040	-0.000001525980	0.000666667000	0.061333300000	1.000000000000
12.715000000000	0.000004620320	-0.000001711080	0.000000000000	0.029666685000	0.000000000000	0.000004658040	-0.000001670330	-0.000666667000	0.006666670000	0.000000000000	0.000004582600	-0.000001751830	0.000666667000	0.052666700000	0.000000000000
12.720000000000	0.000004602160	-0.000001565795	-0.000666665000	0.028833316500	0.500000000000	0.000004649660	-0.000001669870	-0.002333330000	0.000333333000	1.000000000000	0.000004554660	-0.000001461720	0.001000000000	0.057333300000	0.000000000000
12.725000000000	0.000004159550	-0.000001440300	0.001500001500	0.018833300000	1.000000000000	0.000004213800	-0.000001604680	-0.000666667000	-0.016666700000	2.000000000000	0.000004105300	-0.000001275920	0.003666670000	0.054333300000	0.000000000000
12.730000000000	0.000003643585	-0.000001124812	-0.000833331500	0.003500000000	1.500000000000	0.000003771410	-0.000001270330	-0.002333330000	-0.045666700000	2.000000000000	0.000003515760	-0.000000979293	0.000666667000	0.052666700000	1.000000000000
12.735000000000	0.000003166975	-0.000000701755	0.000166666500	0.015833300000	0.000000000000	0.000003216800	-0.000000733420	-0.000666667000	-0.028666700000	0.000000000000	0.000003117150	-0.000000670090	0.001000000000	0.060333300000	0.000000000000
12.740000000000	0.000002348575	-0.000000399772	0.001499998500	0.020166650000	0.500000000000	0.000002302240	-0.000000439120	0.002333330000	0.029333300000	1.000000000000	0.000002394910	-0.000000360424	0.000666667000	0.011000000000	0.000000000000
12.745000000000	0.000001648915	-0.000000096858	0.001499998500	-0.043166650000	0.000000000000	0.000001495710	-0.000000111759	0.000666667000	-0.039333300000	0.000000000000	0.000001802120	-0.000000081957	0.002333330000	-0.047000000000	0.000000000000
12.750000000000	0.000001020502	0.000000010012	0.000000000000	-0.031666700000	1.000000000000	0.000000937845	-0.000000076369	0.000666667000	-0.040666700000	0.000000000000	0.000001103160	0.000000096392	-0.000666667000	-0.022666700000	2.000000000000
12.755000000000	0.000000575794	0.000000250993	-0.001166666500	-0.032333350000	0.500000000000	0.000000666365	0.000000264032	-0.000333333000	-0.044000000000	0.000000000000	0.000000485223	0.000000237954	-0.002000000000	-0.020666700000	1.000000000000
12.760000000000	0.000000327595	0.000000478936	0.000833333500	-0.047166700000	0.000000000000	0.000000382310	0.000000451228	0.000666667000	-0.048666700000	0.000000000000	0.000000272879	0.000000506643	0.001000000000	-0.045666700000	0.000000000000
12.765000000000	-0.000000007218	0.000000729928	0.000000000000	-0.025000015000	0.500000000000	0.000000031665	0.000000617936	0.000666667000	-0.004333330000	0.000000000000	-0.000000046101	0.000000841919	-0.000666667000	-0.045666700000	1.000000000000
12.770000000000	-0.000000254718	0.000000673350	-0.000333333000	0.018166650000	0.500000000000	-0.000000320377	0.000000529461	-0.000333333000	0.060000000000	1.000000000000	-0.000000189059	0.000000817239	-0.000333333000	-0.023666700000	0.000000000000
12.775000000000	-0.000000298723	0.000000678472	-0.000833331500	0.023666665000	0.000000000000	-0.000000416769	0.000000604432	-0.002333330000	0.008333330000	0.000000000000	-0.000000180677	0.000000752512	0.000666667000	0.039000000000	0.000000000000
12.780000000000	-0.000000320842	0.000000611417	-0.001333331500	0.014999983500	0.000000000000	-0.000000331087	0.000000622593	-0.000333333000	0.029333300000	0.000000000000	-0.000000310598	0.000000600241	-0.002333330000	0.000666667000	0.000000000000
12.785000000000	-0.000000187197	0.000000504314	-0.000666666500	0.011166650000	1.000000000000	-0.000000265429	0.000000472182	0.000666667000	0.023333300000	1.000000000000	-0.000000108965	0.000000536445	-0.002000000000	-0.001000000000	1.000000000000
12.790000000000	-0.000000216766	0.000000491276	-0.000666666500	0.023999985000	0.000000000000	-0.000000350179	0.000000539705	-0.002000000000	0.052333300000	0.000000000000	-0.000000083354	0.000000442846	0.000666667000	-0.004333330000	0.000000000000
12.795000000000	-0.000000195113	0.000000447969	0.001499998500	0.023833350000	0.500000000000	-0.000000331087	0.000000564851	0.000666667000	0.020000000000	1.000000000000	-0.000000059139	0.000000331087	0.002333330000	0.027666700000	0.000000000000
12.800000000000	0.000000048429	0.000000353206	0.000833331500	0.058666700000	0.000000000000	-0.000000028405	0.000000327827	0.002333330000	0.058666700000	0.000000000000	0.000000125264	0.000000378584	-0.000666667000	0.058666700000	0.000000000000
12.805000000000	0.000000235393	0.000000146684	-0.000666667000	0.052333350000	0.500000000000	0.000000027474	-0.000000057742	-0.000666667000	0.058666700000	1.000000000000	0.000000443311	0.000000351110	-0.000666667000	0.046000000000	0.000000000000
12.810000000000	0.000000491508	0.000000440984	0.000666667000	0.042666650000	0.000000000000	0.000000318980	0.000000260772	0.000666667000	0.043333300000	0.000000000000	0.000000664037	0.000000621196	0.000666667000	0.042000000000	0.000000000000
12.815000000000	0.000000602801	0.000000443778	-0.000666667000	0.043333350000	0.500000000000	0.000000448899	0.000000287315	-0.000666667000	0.045000000000	1.000000000000	0.000000756703	0.000000600241	-0.000666667000	0.041666700000	0.000000000000
12.820000000000	0.000000593489	0.000000400006	0.000999998500	0.007500000000	0.000000000000	0.000000634234	0.000000263566	-0.000333333000	-0.043666700000	0.000000000000	0.000000552744	0.000000536445	0.002333330000	0.058666700000	0.000000000000
12.825000000000	0.000000495466	0.000000223984	0.000833333500	-0.012666650000	0.500000000000	0.000000390226	0.000000220724	0.001000000000	-0.050000000000	1.000000000000	0.000000600707	0.000000227244	0.000666667000	0.024666700000	0.000000000000
12.830000000000	0.000000614210	0.000000108500	0.001666665000	-0.024833335000	0.500000000000	0.000000657517	0.000000115019	0.002333330000	-0.002666670000	0.000000000000	0.000000570904	0.000000101980	0.001000000000	-0.047000000000	1.000000000000
12.835000000000	0.000000743199	0.000000134809	0.000833333500	-0.018666650000	1.000000000000	0.000000616539	0.000000095461	0.001000000000	-0.027000000000	1.000000000000	0.000000869859	0.000000174158	0.000666667000	-0.010333300000	1.000000000000
12.840000000000	0.000000801872	-0.000000006054	0.000000000000	-0.026500000000	0.000000000000	0.000000723176	0.000000013504	0.000666667000	-0.018000000000	0.000000000000	0.000000880569	-0.000000025612	-0.000666667000	-0.035000000000	0.000000000000
12.845000000000	0.000000796284	0.000000065658	0.000000000000	-0.015666700000	0.500000000000	0.000000800010	0.000000117347	0.000666667000	-0.016666700000	0.000000000000	0.000000792559	0.000000013970	-0.000666667000	-0.014666700000	1.000000000000
12.850000000000	0.000000934820	0.000000162749	0.000166667000	-0.024666650000	0.500000000000	0.000000975102	0.000000145753	-0.000333333000	-0.034333300000	0.000000000000	0.000000894539	0.000000179746	0.000666667000	-0.015000000000	1.000000000000
12.855000000000	0.000000930396	0.000000052387	0.001666668500	-0.041500000000	0.500000000000	0.000000898730	0.000000048429	0.002666670000	-0.034333300000	1.000000000000	0.000000962063	0.000000056345	0.000666667000	-0.048666700000	0.000000000000
12.860000000000	0.000000896402	-0.000000090572	0.001499998500	0.003333300000	1.000000000000	0.000000722244	-0.000000078697	0.002333330000	-0.028666700000	1.000000000000	0.000001070560	-0.000000102446	0.000666667000	0.035333300000	1.000000000000
12.865000000000	0.000001041925	-0.000000094763	-0.001333331500	-0.040166650000	0.500000000000	0.000000877310	-0.000000064727	0.000666667000	-0.053333300000	0.000000000000	0.000001206540	-0.000000124798	-0.003333330000	-0.027000000000	1.000000000000
12.870000000000	0.000001059855	-0.000000011641	0.000666667000	-0.024166665000	0.500000000000	0.000001009100	0.000000102446	0.000666667000	-0.047000000000	0.000000000000	0.000001110610	-0.000000125729	0.000666667000	-0.001333330000	1.000000000000
12.875000000000	0.000000949723	-0.000000054250	0.000166667000	-0.024166700000	1.000000000000	0.000001028190	-0.000000087079	-0.000333333000	-0.019666700000	2.000000000000	0.000000871256	-0.000000021420	0.000666667000	-0.028666700000	0.000000000000
12.880000000000	0.000000971841	0.000000033994	-0.000500000000	0.019499985000	1.000000000000	0.000001025860	-0.000000032131	-0.000666667000	0.043333300000	1.000000000000	0.000000917822	0.000000100118	-0.000333333000	-0.004333330000	1.000000000000
12.885000000000	0.000001065210	0.000000090106	-0.000666666500	0.018833350000	0.500000000000	0.000001014220	0.000000180212	0.000666667000	0.012666700000	0.000000000000	0.000001116200	0.000000000000	-0.002000000000	0.025000000000	1.000000000000
12.890000000000	0.000000970442	-0.000000080561	-0.000500000000	0.032500015000	0.000000000000	0.000001029580	0.000000115484	-0.000666667000	0.006333330000	0.000000000000	0.000000911303	-0.000000276605	-0.000333333000	0.058666700000	0.000000000000
12.895000000000	0.000001050773	-0.000000199537	-0.000500000000	0.044166650000	1.500000000000	0.000001144140	-0.000000005122	-0.000333333000	0.037333300000	2.000000000000	0.000000957407	-0.000000393951	-0.000666667000	0.051000000000	1.000000000000
12.900000000000	0.000001108282	-0.000000065892	-0.000500000000	0.040333350000	0.000000000000	0.000001222370	0.000000122004	-0.000666667000	0.034000000000	0.000000000000	0.000000994194	-0.000000253787	-0.000333333000	0.046666700000	0.000000000000
