12.650000000000	0.000000950884	0.000000182540	-0.000333333000	0.037000000000	1.000000000000	0.000000950884	0.000000182540	-0.000333333000	0.037000000000	1.000000000000
12.655000000000	0.000000467060	0.000000339003	-0.002000000000	0.031333300000	0.000000000000	0.000000467060	0.000000339003	-0.002000000000	0.031333300000	0.000000000000
12.660000000000	-0.000000453556	0.000000605363	-0.000666667000	0.057000000000	0.000000000000	-0.000000453556	0.000000605363	-0.000666667000	0.057000000000	0.000000000000
12.665000000000	-0.000000837263	0.000000779055	-0.000333333000	0.060000000000	0.000000000000	-0.000000837263	0.000000779055	-0.000333333000	0.060000000000	0.000000000000
12.670000000000	-0.000001114330	0.000000840522	0.000666667000	-0.041000000000	0.000000000000	-0.000001114330	0.000000840522	0.000666667000	-0.041000000000	0.000000000000
12.675000000000	-0.000000687320	0.000000686854	-0.002000000000	-0.044000000000	0.000000000000	-0.000000687320	0.000000686854	-0.002000000000	-0.044000000000	0.000000000000
12.680000000000	-0.000000193250	0.000000328293	0.000666667000	-0.016666700000	0.000000000000	-0.000000193250	0.000000328293	0.000666667000	-0.016666700000	0.000000000000
12.685000000000	0.000000744596	0.000000096858	-0.002000000000	-0.016000000000	1.000000000000	0.000000744596	0.000000096858	-0.002000000000	-0.016000000000	1.000000000000
12.690000000000	0.000001750890	-0.000000374859	0.000666667000	-0.025666700000	1.000000000000	0.000001750890	-0.000000374859	0.000666667000	-0.025666700000	1.000000000000
12.695000000000	0.000002839150	-0.000000699427	-0.000333333000	-0.019666700000	2.000000000000	0.000002839150	-0.000000699427	-0.000333333000	-0.019666700000	2.000000000000
12.700000000000	0.000003732290	-0.000001138080	0.000666667000	0.042000000000	0.000000000000	0.000003732290	-0.000001138080	0.000666667000	0.042000000000	0.000000000000
12.705000000000	0.000004158380	-0.000001478020	-0.000666667000	0.060000000000	0.000000000000	0.000004158380	-0.000001478020	-0.000666667000	0.060000000000	0.000000000000
12.710000000000	0.000004342790	-0.000001480810	-0.000333333000	0.017000000000	0.000000000000	0.000004342790	-0.000001480810	-0.000333333000	0.017000000000	0.000000000000
12.715000000000	0.000004157450	-0.000001367190	0.002333330000	0.012666700000	1.000000000000	0.000004157450	-0.000001367190	0.002333330000	0.012666700000	1.000000000000
12.720000000000	0.000003716920	-0.000001216310	0.000666667000	-0.024333300000	1.000000000000	0.000003716920	-0.000001216310	0.000666667000	-0.024333300000	1.000000000000
12.725000000000	0.000003382110	-0.000001069170	0.000666667000	-0.023666700000	1.000000000000	0.000003382110	-0.000001069170	0.000666667000	-0.023666700000	1.000000000000
12.730000000000	0.000002715750	-0.000000721779	-0.000333333000	0.061333300000	1.000000000000	0.000002715750	-0.000000721779	-0.000333333000	0.061333300000	1.000000000000
12.735000000000	0.000001813760	-0.000000437723	-0.000333333000	0.051000000000	1.000000000000	0.000001813760	-0.000000437723	-0.000333333000	0.051000000000	1.000000000000
12.740000000000	0.000001025860	0.000000019092	0.000666667000	0.027666700000	1.000000000000	0.000001025860	0.000000019092	0.000666667000	0.027666700000	1.000000000000
12.745000000000	0.000000343194	0.000000321774	-0.000666667000	0.058666700000	1.000000000000	0.000000343194	0.000000321774	-0.000666667000	0.058666700000	1.000000000000
12.750000000000	-0.000000282193	0.000000637960	0.001000000000	0.040333300000	0.000000000000	-0.000000282193	0.000000637960	0.001000000000	0.040333300000	0.000000000000
12.755000000000	-0.000000623990	0.000000729229	0.000666667000	0.052333300000	0.000000000000	-0.000000623990	0.000000729229	0.000666667000	0.052333300000	0.000000000000
12.760000000000	-0.000000800010	0.000000703618	-0.002333330000	0.014000000000	0.000000000000	-0.000000800010	0.000000703618	-0.002333330000	0.014000000000	0.000000000000
12.765000000000	-0.000000739008	0.000000867065	-0.002333330000	-0.041000000000	0.000000000000	-0.000000739008	0.000000867065	-0.002333330000	-0.041000000000	0.000000000000
12.770000000000	-0.000000594187	0.000000777658	-0.000666667000	-0.041000000000	0.000000000000	-0.000000594187	0.000000777658	-0.000666667000	-0.041000000000	0.000000000000
12.775000000000	-0.000000492673	0.000000772070	0.002333330000	-0.050000000000	0.000000000000	-0.000000492673	0.000000772070	0.002333330000	-0.050000000000	0.000000000000
12.780000000000	-0.000000273811	0.000000557400	-0.000666667000	-0.039000000000	0.000000000000	-0.000000273811	0.000000557400	-0.000666667000	-0.039000000000	0.000000000000
12.785000000000	-0.000000001397	0.000000596516	0.001000000000	0.028333300000	0.000000000000	-0.000000001397	0.000000596516	0.001000000000	0.028333300000	0.000000000000
12.790000000000	0.000000098721	0.000000577889	-0.000333333000	-0.036000000000	0.000000000000	0.000000098721	0.000000577889	-0.000333333000	-0.036000000000	0.000000000000
12.795000000000	0.000000122004	0.000000244008	-0.000666667000	-0.004333330000	1.000000000000	0.000000122004	0.000000244008	-0.000666667000	-0.004333330000	1.000000000000
12.800000000000	0.000000178349	0.000000281261	-0.000666667000	0.026333300000	1.000000000000	0.000000178349	0.000000281261	-0.000666667000	0.026333300000	1.000000000000
12.805000000000	0.000000215136	0.000000342263	-0.000666667000	0.032333300000	0.000000000000	0.000000215136	0.000000342263	-0.000666667000	0.032333300000	0.000000000000
12.810000000000	0.000000348782	0.000000253322	-0.000666667000	-0.001333330000	0.000000000000	0.000000348782	0.000000253322	-0.000666667000	-0.001333330000	0.000000000000
12.815000000000	0.000000362286	0.000000339469	-0.002000000000	-0.035000000000	0.000000000000	0.000000362286	0.000000339469	-0.002000000000	-0.035000000000	0.000000000000
12.820000000000	0.000000469388	0.000000229572	0.000666667000	0.035333300000	0.000000000000	0.000000469388	0.000000229572	0.000666667000	0.035333300000	0.000000000000
12.825000000000	0.000000616539	0.000000251925	0.000666667000	0.058666700000	2.000000000000	0.000000616539	0.000000251925	0.000666667000	0.058666700000	2.000000000000
12.830000000000	0.000000513162	0.000000053086	0.002333330000	0.060333300000	0.000000000000	0.000000513162	0.000000053086	0.002333330000	0.060333300000	0.000000000000
12.835000000000	0.000000404196	0.000000134577	-0.000666667000	0.052666700000	0.000000000000	0.000000404196	0.000000134577	-0.000666667000	0.052666700000	0.000000000000
12.840000000000	0.000000760894	0.000000138302	-0.000333333000	0.039000000000	1.000000000000	0.000000760894	0.000000138302	-0.000333333000	0.039000000000	1.000000000000
12.845000000000	0.000000854026	0.000000136440	0.000666667000	0.037000000000	0.000000000000	0.000000854026	0.000000136440	0.000666667000	0.037000000000	0.000000000000
12.850000000000	0.000000903852	0.000000204892	-0.000666667000	0.024666700000	1.000000000000	0.000000903852	0.000000204892	-0.000666667000	0.024666700000	1.000000000000
12.855000000000	0.000000795353	0.000000157394	-0.000333333000	0.021666700000	1.000000000000	0.000000795353	0.000000157394	-0.000333333000	0.021666700000	1.000000000000
12.860000000000	0.000000749253	0.000000049360	-0.000333333000	-0.017666700000	1.000000000000	0.000000749253	0.000000049360	-0.000333333000	-0.017666700000	1.000000000000
12.865000000000	0.000000776261	-0.000000009779	-0.002333330000	-0.046666700000	1.000000000000	0.000000776261	-0.000000009779	-0.002333330000	-0.046666700000	1.000000000000
12.870000000000	0.000000777192	-0.000000044704	-0.000333333000	0.008000000000	0.000000000000	0.000000777192	-0.000000044704	-0.000333333000	0.008000000000	0.000000000000
12.875000000000	0.000000745062	-0.000000041444	-0.000666667000	-0.044000000000	0.000000000000	0.000000745062	-0.000000041444	-0.000666667000	-0.044000000000	0.000000000000
12.880000000000	0.000000923876	0.000000090339	0.000666667000	-0.014666700000	1.000000000000	0.000000923876	0.000000090339	0.000666667000	-0.014666700000	1.000000000000
12.885000000000	0.000000785574	0.000000131317	0.001000000000	-0.005333330000	1.000000000000	0.000000785574	0.000000131317	0.001000000000	-0.005333330000	1.000000000000
12.890000000000	0.000000797216	-0.000000216999	0.001000000000	0.034333300000	1.000000000000	0.000000797216	-0.000000216999	0.001000000000	0.034333300000	1.000000000000
12.895000000000	0.000001006770	-0.000000162517	0.002666670000	0.000333333000	0.000000000000	0.000001006770	-0.000000162517	0.002666670000	0.000333333000	0.000000000000
12.900000000000	0.000000886157	-0.000000065659	0.000666667000	-0.031666700000	1.000000000000	0.000000886157	-0.000000065659	0.000666667000	-0.031666700000	1.000000000000
