12.650000000000	0.000000837263	0.000000050525	0.001166668500	0.013500000000	1.000000000000	0.000000891745	0.000000060536	-0.000333333000	0.058666700000	1.000000000000	0.000000782780	0.000000040513	0.002666670000	-0.031666700000	1.000000000000
12.655000000000	0.000000481264	0.000000351344	0.001166668500	-0.030333315000	0.000000000000	0.000000511300	0.000000507574	-0.000333333000	-0.007333330000	0.000000000000	0.000000451228	0.000000195113	0.002666670000	-0.053333300000	0.000000000000
12.660000000000	-0.000000486851	0.000000721313	-0.000500000000	-0.002500000000	1.000000000000	-0.000000450762	0.000000900593	-0.000666667000	0.045000000000	1.000000000000	-0.000000522941	0.000000542033	-0.000333333000	-0.050000000000	1.000000000000
12.665000000000	-0.000001594435	0.000000996522	0.000166667000	0.000500000000	1.000000000000	-0.000001544610	0.000000950884	-0.000333333000	0.042000000000	1.000000000000	-0.000001644260	0.000001042160	0.000666667000	-0.041000000000	1.000000000000
12.670000000000	-0.000002497125	0.000001564160	0.002333330000	-0.005000000000	1.000000000000	-0.000002461970	0.000001539480	0.002333330000	0.031000000000	1.000000000000	-0.000002532280	0.000001588840	0.002333330000	-0.041000000000	1.000000000000
12.675000000000	-0.000003092005	0.000001874065	0.002500000000	0.022000000000	1.000000000000	-0.000003020290	0.000001811900	0.002666670000	0.020666700000	0.000000000000	-0.000003163720	0.000001936230	0.002333330000	0.023333300000	2.000000000000
12.680000000000	-0.000003073380	0.000001823075	0.000166667000	0.006000000000	1.000000000000	-0.000003081300	0.000001713180	-0.000333333000	-0.048333300000	1.000000000000	-0.000003065460	0.000001932970	0.000666667000	0.060333300000	1.000000000000
12.685000000000	-0.000002573490	0.000001626560	0.001499998500	-0.000166650000	0.000000000000	-0.000002658010	0.000001448210	0.002333330000	-0.010333300000	0.000000000000	-0.000002488970	0.000001804910	0.000666667000	0.010000000000	0.000000000000
12.690000000000	-0.000001522255	0.000001189540	-0.001333333500	0.052666700000	0.500000000000	-0.000001558110	0.000001099900	-0.000666667000	0.058666700000	0.000000000000	-0.000001486400	0.000001279180	-0.002000000000	0.046666700000	1.000000000000
12.695000000000	-0.000000328758	0.000000545059	-0.000500000000	0.052333300000	1.000000000000	-0.000000439120	0.000000455884	0.001000000000	0.055333300000	1.000000000000	-0.000000218396	0.000000634234	-0.002000000000	0.049333300000	1.000000000000
12.700000000000	0.000001430055	-0.000000132015	0.000833331500	0.045666700000	0.500000000000	0.000001530640	-0.000000220724	-0.000666667000	0.041666700000	1.000000000000	0.000001329470	-0.000000043307	0.002333330000	0.049666700000	0.000000000000
12.705000000000	0.000002992355	-0.000000767879	-0.000666666500	-0.006166650000	0.000000000000	0.000003290380	-0.000000706412	-0.002000000000	-0.031333300000	0.000000000000	0.000002694330	-0.000000829346	0.000666667000	0.019000000000	0.000000000000
12.710000000000	0.000004445460	-0.000001496410	0.000333333500	-0.035166650000	1.000000000000	0.000004669210	-0.000001554850	-0.000333333000	-0.028333300000	1.000000000000	0.000004221710	-0.000001437970	0.001000000000	-0.042000000000	1.000000000000
12.715000000000	0.000005663165	-0.000002085945	-0.001666666500	-0.001833300000	0.000000000000	0.000005841280	-0.000002215630	-0.004000000000	-0.024333300000	0.000000000000	0.000005485050	-0.000001956260	0.000666667000	0.020666700000	0.000000000000
12.720000000000	0.000006504855	-0.000002598405	0.000666667000	-0.009666650000	0.500000000000	0.000006571910	-0.000002794910	0.000666667000	-0.009000000000	0.000000000000	0.000006437800	-0.000002401900	0.000666667000	-0.010333300000	1.000000000000
12.725000000000	0.000006904390	-0.000002714590	-0.000333333000	-0.007000016500	0.000000000000	0.000007077150	-0.000002781880	-0.000333333000	0.000666667000	0.000000000000	0.000006731630	-0.000002647300	-0.000333333000	-0.014666700000	0.000000000000
12.730000000000	0.000006719285	-0.000002562780	-0.000500000000	0.012500000000	0.000000000000	0.000006762360	-0.000002492230	-0.000666667000	0.061333300000	0.000000000000	0.000006676210	-0.000002633330	-0.000333333000	-0.036333300000	0.000000000000
12.735000000000	0.000006224755	-0.000002300150	0.000833333500	-0.011833350000	1.500000000000	0.000006234770	-0.000002253350	0.001000000000	0.008000000000	2.000000000000	0.000006214740	-0.000002346950	0.000666667000	-0.031666700000	1.000000000000
12.740000000000	0.000005437555	-0.000001901075	0.001666668500	0.033500000000	0.000000000000	0.000005403100	-0.000001915750	0.002666670000	0.031333300000	0.000000000000	0.000005472010	-0.000001886400	0.000666667000	0.035666700000	0.000000000000
12.745000000000	0.000004466190	-0.000001475690	-0.000833331500	-0.003166650000	0.500000000000	0.000004416830	-0.000001602350	0.000666667000	0.022000000000	1.000000000000	0.000004515550	-0.000001349030	-0.002333330000	-0.028333300000	0.000000000000
12.750000000000	0.000003170235	-0.000001003506	0.000000000000	-0.009166685000	0.500000000000	0.000003262900	-0.000001071960	0.000666667000	-0.023666700000	1.000000000000	0.000003077570	-0.000000935052	-0.000666667000	0.005333330000	0.000000000000
12.755000000000	0.000002158120	-0.000000624456	-0.000666665000	0.002833335000	1.000000000000	0.000002298980	-0.000000673816	0.001000000000	-0.002333330000	1.000000000000	0.000002017260	-0.000000575095	-0.002333330000	0.008000000000	1.000000000000
12.760000000000	0.000001384415	-0.000000261005	0.000999998500	0.005000000000	0.000000000000	0.000001532960	-0.000000364615	0.002333330000	-0.030000000000	0.000000000000	0.000001235870	-0.000000157394	-0.000333333000	0.040000000000	0.000000000000
12.765000000000	0.000000611184	0.000000115485	-0.000500000000	0.051666650000	0.000000000000	0.000000720847	0.000000120142	-0.000333333000	0.043000000000	0.000000000000	0.000000501521	0.000000110828	-0.000666667000	0.060333300000	0.000000000000
12.770000000000	-0.000000092201	0.000000419796	0.000000000000	0.032666650000	0.000000000000	-0.000000110362	0.000000576492	0.000666667000	0.023333300000	0.000000000000	-0.000000074041	0.000000263100	-0.000666667000	0.042000000000	0.000000000000
12.775000000000	-0.000000650067	0.000000589064	-0.000666666500	0.044166650000	0.000000000000	-0.000000604432	0.000000740871	0.000666667000	0.031333300000	0.000000000000	-0.000000695702	0.000000437258	-0.002000000000	0.057000000000	0.000000000000
12.780000000000	-0.000000875214	0.000000956474	-0.000666665000	0.054000000000	1.000000000000	-0.000000806063	0.000000915494	0.001000000000	0.044666700000	1.000000000000	-0.000000944365	0.000000997454	-0.002333330000	0.063333300000	1.000000000000
12.785000000000	-0.000001004204	0.000000863107	0.000166667000	0.060166650000	0.000000000000	-0.000000971377	0.000000811651	-0.000333333000	0.060333300000	0.000000000000	-0.000001037030	0.000000914562	0.000666667000	0.060000000000	0.000000000000
12.790000000000	-0.000001269400	0.000000897102	0.000166667000	0.010166666500	0.500000000000	-0.000001155780	0.000000970911	-0.000333333000	0.000333333000	1.000000000000	-0.000001383020	0.000000823293	0.000666667000	0.020000000000	0.000000000000
12.795000000000	-0.000001277315	0.000001017478	0.002500000000	0.002666700000	1.000000000000	-0.000001231680	0.000000985347	0.002666670000	0.050666700000	1.000000000000	-0.000001322950	0.000001049610	0.002333330000	-0.045333300000	1.000000000000
12.800000000000	-0.000001024228	0.000001032615	-0.000666666500	-0.014000000000	0.000000000000	-0.000000992797	0.000001013290	0.000666667000	0.013000000000	0.000000000000	-0.000001055660	0.000001051940	-0.002000000000	-0.041000000000	0.000000000000
12.805000000000	-0.000000965787	0.000000903388	-0.000500000000	-0.018500016500	0.500000000000	-0.000000937845	0.000000997919	0.001000000000	0.000666667000	1.000000000000	-0.000000993728	0.000000808857	-0.002000000000	-0.037666700000	0.000000000000
12.810000000000	-0.000000854724	0.000000801174	-0.000833331500	-0.024000000000	0.500000000000	-0.000000885691	0.000000894073	-0.002333330000	-0.011666700000	0.000000000000	-0.000000823758	0.000000708274	0.000666667000	-0.036333300000	1.000000000000
12.815000000000	-0.000000643082	0.000000621428	0.000000000000	-0.029666650000	0.000000000000	-0.000000708274	0.000000602569	-0.000666667000	-0.024333300000	0.000000000000	-0.000000577889	0.000000640288	0.000666667000	-0.035000000000	0.000000000000
12.820000000000	-0.000000454953	0.000000555071	-0.000666666500	-0.008000000000	0.500000000000	-0.000000442380	0.000000450762	-0.002000000000	0.021666700000	0.000000000000	-0.000000467526	0.000000659380	0.000666667000	-0.037666700000	1.000000000000
12.825000000000	-0.000000192552	0.000000453790	0.001000001500	-0.029500000000	0.000000000000	-0.000000129455	0.000000566248	-0.000666667000	-0.009000000000	0.000000000000	-0.000000255650	0.000000341332	0.002666670000	-0.050000000000	0.000000000000
12.830000000000	-0.000000101049	0.000000485222	0.000166667000	-0.027833315000	0.500000000000	0.000000006985	0.000000614211	0.000666667000	-0.004333330000	0.000000000000	-0.000000209083	0.000000356233	-0.000333333000	-0.051333300000	1.000000000000
12.835000000000	0.000000052620	0.000000290574	-0.000500000000	-0.007166700000	0.000000000000	0.000000065193	0.000000391157	-0.000666667000	0.035333300000	0.000000000000	0.000000040047	0.000000189991	-0.000333333000	-0.049666700000	0.000000000000
12.840000000000	0.000000175788	0.000000275906	0.000166667000	0.006333350000	0.500000000000	0.000000206755	0.000000414906	0.000666667000	0.043000000000	0.000000000000	0.000000144822	0.000000136905	-0.000333333000	-0.030333300000	1.000000000000
12.845000000000	0.000000219327	0.000000349714	-0.001333333500	0.037833350000	0.500000000000	0.000000406058	0.000000441914	-0.002000000000	0.040000000000	1.000000000000	0.000000032596	0.000000257513	-0.000666667000	0.035666700000	0.000000000000
12.850000000000	0.000000302216	0.000000236790	0.000000000000	0.041666700000	0.000000000000	0.000000516888	0.000000201632	-0.000666667000	0.061666700000	0.000000000000	0.000000087545	0.000000271948	0.000666667000	0.021666700000	0.000000000000
12.855000000000	0.000000373695	0.000000033295	0.000833331500	0.007166650000	0.000000000000	0.000000516888	0.000000061002	-0.000666667000	0.029333300000	0.000000000000	0.000000230503	0.000000005588	0.002333330000	-0.015000000000	0.000000000000
12.860000000000	0.000000318980	0.000000258910	-0.000666665000	0.020000000000	0.500000000000	0.000000565316	0.000000541568	0.001000000000	0.020000000000	0.000000000000	0.000000072644	-0.000000023749	-0.002333330000	0.020000000000	1.000000000000
12.865000000000	0.000000545060	0.000000332950	-0.000500000000	0.028333350000	0.000000000000	0.000000820499	0.000000510368	-0.000333333000	0.010000000000	0.000000000000	0.000000269620	0.000000155532	-0.000666667000	0.046666700000	0.000000000000
12.870000000000	0.000000496398	0.000000179513	-0.000500000000	-0.017166650000	0.500000000000	0.000000793025	0.000000337606	-0.000333333000	-0.054333300000	1.000000000000	0.000000199770	0.000000021420	-0.000666667000	0.020000000000	0.000000000000
12.875000000000	0.000000548551	0.000000223286	0.000666667000	0.022500000000	0.000000000000	0.000000861477	0.000000366012	0.000666667000	0.026333300000	0.000000000000	0.000000235626	0.000000080560	0.000666667000	0.018666700000	0.000000000000
12.880000000000	0.000000644245	0.000000168104	0.000166667000	-0.037833350000	0.500000000000	0.000000826552	0.000000206289	0.000666667000	-0.031666700000	1.000000000000	0.000000461938	0.000000129920	-0.000333333000	-0.044000000000	0.000000000000
12.885000000000	0.000000569508	0.000000134112	-0.001499998500	-0.008000015000	0.000000000000	0.000000597447	0.000000109897	-0.000666667000	0.003666670000	0.000000000000	0.000000541568	0.000000158326	-0.002333330000	-0.019666700000	0.000000000000
12.890000000000	0.000000594653	0.000000132481	0.000166667000	-0.034000000000	0.000000000000	0.000000562057	0.000000082888	0.000666667000	-0.021000000000	0.000000000000	0.000000627249	0.000000182074	-0.000333333000	-0.047000000000	0.000000000000
12.895000000000	0.000000705248	0.000000066590	0.000833333500	-0.031500000000	0.500000000000	0.000000756238	0.000000093133	0.001000000000	-0.014666700000	1.000000000000	0.000000654258	0.000000040047	0.000666667000	-0.048333300000	0.000000000000
12.900000000000	0.000000716657	0.000000106404	-0.001499998500	0.007333300000	0.000000000000	0.000000798147	0.000000203495	-0.002333330000	0.060333300000	0.000000000000	0.000000635166	0.000000009313	-0.000666667000	-0.045666700000	0.000000000000
