1.265000000000000036e+01 1.067557400000000004e-06 1.199089999999999920e-07 1.666700000000000017e-04 2.000000000000000042e-03 0.000000000000000000e+00 6.901140000000000345e-07 1.029120000000000020e-07 2.666669999999999891e-03 -4.399999999999999745e-02 0.000000000000000000e+00 9.522809999999999759e-07 1.369049999999999941e-07 -2.333330000000000213e-03 4.800000000000000100e-02 0.000000000000000000e+00
1.265499999999999936e+01 1.320299500000000182e-06 7.520500000000000407e-08 0.000000000000000000e+00 5.316669999999999729e-02 0.000000000000000000e+00 8.880200000000000333e-07 4.660000000000000452e-10 6.666670000000000191e-04 4.466669999999999668e-02 0.000000000000000000e+00 1.143209999999999978e-06 1.499440000000000091e-07 -6.666670000000000191e-04 6.166669999999999791e-02 0.000000000000000000e+00
1.266000000000000014e+01 2.037347000000000198e-06 -1.965100000000000040e-07 1.666668500000000009e-03 4.399999999999999745e-02 0.000000000000000000e+00 1.479880000000000093e-06 -2.873149999999999757e-07 2.666669999999999891e-03 5.700000000000000205e-02 0.000000000000000000e+00 1.654499999999999999e-06 -1.057059999999999938e-07 6.666670000000000191e-04 3.099999999999999978e-02 0.000000000000000000e+00
1.266499999999999915e+01 2.702947000000000228e-06 -2.959290000000000024e-07 2.166668499999999803e-03 2.400001499999999954e-02 1.500000000000000000e+00 1.993509999999999909e-06 -3.590269999999999763e-07 6.666670000000000191e-04 6.333329999999999863e-03 2.000000000000000000e+00 2.164869999999999823e-06 -2.328320000000000033e-07 3.666669999999999912e-03 4.166670000000000096e-02 1.000000000000000000e+00
1.266999999999999993e+01 3.265326999999999577e-06 -5.192150000000000340e-07 1.666670000000000087e-04 -3.383329999999999671e-02 -5.000000000000000000e-01 2.612840000000000042e-06 -6.724190000000000074e-07 -3.333330000000000017e-04 -4.833330000000000265e-02 0.000000000000000000e+00 2.410739999999999894e-06 -3.660119999999999822e-07 6.666670000000000191e-04 -1.933330000000000118e-02 -1.000000000000000000e+00
1.267500000000000071e+01 3.330710499999999694e-06 -7.564710000000000245e-07 1.666665000000000008e-04 -5.833330000000000286e-03 5.000000000000000000e-01 2.836359999999999810e-06 -9.136310000000000368e-07 1.000000000000000021e-03 -7.333329999999999883e-03 1.000000000000000000e+00 2.287810000000000208e-06 -5.993099999999999845e-07 -6.666670000000000191e-04 -4.333329999999999821e-03 0.000000000000000000e+00
1.267999999999999972e+01 3.077366499999999990e-06 -7.471569999999999981e-07 0.000000000000000000e+00 2.033331500000000111e-02 0.000000000000000000e+00 2.497360000000000176e-06 -8.721869999999999471e-07 6.666670000000000191e-04 6.333329999999999863e-03 0.000000000000000000e+00 2.237050000000000037e-06 -6.221270000000000492e-07 -6.666670000000000191e-04 3.433329999999999715e-02 0.000000000000000000e+00
1.268500000000000050e+01 2.615476500000000081e-06 -4.763750000000000024e-07 -2.333330000000000213e-03 2.716665000000000052e-02 1.000000000000000000e+00 1.984199999999999993e-06 -5.289950000000000064e-07 -2.333330000000000213e-03 1.433330000000000021e-02 1.000000000000000000e+00 2.039610000000000196e-06 -4.237540000000000237e-07 -2.333330000000000213e-03 4.000000000000000083e-02 1.000000000000000000e+00
1.268999999999999950e+01 2.147521999999999952e-06 -7.916300000000000549e-08 9.999984999999999430e-04 1.866664999999999991e-02 0.000000000000000000e+00 1.438899999999999895e-06 -1.504100000000000081e-07 2.333330000000000213e-03 -1.200000000000000025e-02 0.000000000000000000e+00 1.864980000000000015e-06 -7.915999999999999548e-09 -3.333330000000000017e-04 4.933329999999999660e-02 0.000000000000000000e+00
1.269500000000000028e+01 9.921912000000000576e-07 -7.915999999999999548e-09 1.666665000000000008e-04 -4.183334999999999831e-02 1.000000000000000000e+00 5.508809999999999947e-07 -2.933699999999999992e-08 1.000000000000000021e-03 -4.266670000000000185e-02 1.000000000000000000e+00 9.755679999999999911e-07 1.350399999999999969e-08 -6.666670000000000191e-04 -4.100000000000000172e-02 1.000000000000000000e+00
1.269999999999999929e+01 -1.074515000000000010e-07 3.455230000000000163e-07 -5.000000000000000104e-04 -2.866669999999999982e-02 0.000000000000000000e+00 -3.734620000000000125e-07 3.846379999999999797e-07 -3.333330000000000017e-04 -1.966669999999999877e-02 0.000000000000000000e+00 2.081519999999999967e-07 3.064070000000000252e-07 -6.666670000000000191e-04 -3.766669999999999741e-02 0.000000000000000000e+00
1.270500000000000007e+01 -9.815987999999999369e-07 6.945370000000000471e-07 -5.000000000000000104e-04 -2.699999999999999969e-02 0.000000000000000000e+00 -9.783620000000000359e-07 6.663649999999999719e-07 -3.333330000000000017e-04 -7.000000000000000146e-03 0.000000000000000000e+00 -5.317890000000000511e-07 7.227100000000000440e-07 -6.666670000000000191e-04 -4.700000000000000011e-02 0.000000000000000000e+00
1.271000000000000085e+01 -1.826681999999999945e-06 1.151354999999999923e-06 0.000000000000000000e+00 -2.000001499999999946e-02 5.000000000000000000e-01 -1.489660000000000066e-06 1.132029999999999900e-06 6.666670000000000191e-04 6.666670000000000408e-03 0.000000000000000000e+00 -1.320620000000000029e-06 1.170679999999999945e-06 -6.666670000000000191e-04 -4.666669999999999846e-02 1.000000000000000000e+00
1.271499999999999986e+01 -2.368177500000000163e-06 1.545534999999999976e-06 6.666670000000000191e-04 -3.183330000000000187e-02 5.000000000000000000e-01 -1.873360000000000094e-06 1.604210000000000096e-06 6.666670000000000191e-04 -1.033330000000000012e-02 1.000000000000000000e+00 -1.769989999999999930e-06 1.486860000000000067e-06 6.666670000000000191e-04 -5.333330000000000015e-02 0.000000000000000000e+00
1.272000000000000064e+01 -2.750475000000000123e-06 1.598389999999999955e-06 -1.166665000000000106e-03 -4.950000000000000233e-02 5.000000000000000000e-01 -2.107599999999999947e-06 1.580929999999999956e-06 -3.333329999999999800e-03 -5.333330000000000015e-02 1.000000000000000000e+00 -2.123900000000000112e-06 1.615849999999999954e-06 1.000000000000000021e-03 -4.566669999999999757e-02 0.000000000000000000e+00
1.272499999999999964e+01 -2.710811999999999856e-06 1.362999999999999910e-06 -1.499998499999999953e-03 -5.833350000000000167e-03 0.000000000000000000e+00 -1.895709999999999973e-06 1.366259999999999901e-06 -2.333330000000000213e-03 -1.966669999999999877e-02 0.000000000000000000e+00 -2.274769999999999822e-06 1.359739999999999919e-06 -6.666670000000000191e-04 8.000000000000000167e-03 0.000000000000000000e+00
1.273000000000000043e+01 -2.696583500000000014e-06 1.204439999999999898e-06 -6.666670000000000191e-04 -4.916664999999999924e-02 5.000000000000000000e-01 -1.849609999999999898e-06 1.177199999999999927e-06 -6.666670000000000191e-04 -5.000000000000000278e-02 0.000000000000000000e+00 -2.298979999999999798e-06 1.231680000000000081e-06 -6.666670000000000191e-04 -4.833330000000000265e-02 1.000000000000000000e+00
1.273499999999999943e+01 -2.289176500000000342e-06 1.216079999999999968e-06 -2.333330000000000213e-03 -4.299999999999999656e-02 5.000000000000000000e-01 -1.744840000000000052e-06 1.139010000000000086e-06 -2.333330000000000213e-03 -5.000000000000000278e-02 1.000000000000000000e+00 -1.776969999999999904e-06 1.293150000000000062e-06 -2.333330000000000213e-03 -3.599999999999999728e-02 0.000000000000000000e+00
1.274000000000000021e+01 -1.792180000000000051e-06 1.032607000000000056e-06 0.000000000000000000e+00 -2.883335000000000065e-02 0.000000000000000000e+00 -1.509220000000000011e-06 9.369140000000000475e-07 6.666670000000000191e-04 -4.566669999999999757e-02 0.000000000000000000e+00 -1.247980000000000035e-06 1.128300000000000065e-06 -6.666670000000000191e-04 -1.200000000000000025e-02 0.000000000000000000e+00
1.274499999999999922e+01 -1.234031500000000087e-06 7.457599999999999757e-07 -1.999998499999999964e-03 -3.333334999999999770e-02 0.000000000000000000e+00 -1.017010000000000026e-06 6.039659999999999701e-07 -6.666670000000000191e-04 -4.866670000000000024e-02 0.000000000000000000e+00 -8.815000000000000517e-07 8.875539999999999814e-07 -3.333329999999999800e-03 -1.799999999999999864e-02 0.000000000000000000e+00
1.275000000000000000e+01 -5.142552999999999449e-07 5.627559999999999869e-07 0.000000000000000000e+00 1.016664999999999930e-02 0.000000000000000000e+00 -4.721819999999999860e-07 5.015210000000000345e-07 -6.666670000000000191e-04 -2.266670000000000143e-02 0.000000000000000000e+00 -3.189800000000000148e-07 6.239900000000000176e-07 6.666670000000000191e-04 4.299999999999999656e-02 0.000000000000000000e+00
1.275500000000000078e+01 3.783519999999999855e-08 3.604239999999999986e-07 0.000000000000000000e+00 5.349999999999999895e-02 1.500000000000000000e+00 -2.141999999999999924e-08 3.809130000000000175e-07 -2.333330000000000213e-03 5.433330000000000104e-02 1.000000000000000000e+00 7.962900000000000451e-08 3.399349999999999797e-07 2.333330000000000213e-03 5.266669999999999685e-02 2.000000000000000000e+00
1.275999999999999979e+01 7.990801000000000245e-07 6.146800000000000487e-08 -1.333333500000000085e-03 5.149999999999999717e-02 0.000000000000000000e+00 6.845260000000000509e-07 1.452869999999999959e-07 -6.666670000000000191e-04 4.299999999999999656e-02 0.000000000000000000e+00 5.448269999999999592e-07 -2.235200000000000057e-08 -2.000000000000000042e-03 5.999999999999999778e-02 0.000000000000000000e+00
1.276500000000000057e+01 1.392335100000000264e-06 -6.565900000000000581e-08 -3.333330000000000017e-04 1.349999999999999985e-02 0.000000000000000000e+00 1.243789999999999996e-06 -1.206069999999999894e-07 -3.333330000000000017e-04 -3.166669999999999902e-02 0.000000000000000000e+00 8.982640000000000025e-07 -1.070999999999999962e-08 -3.333330000000000017e-04 5.866670000000000218e-02 0.000000000000000000e+00
1.276999999999999957e+01 1.707725499999999935e-06 -1.476159999999999899e-07 6.666670000000000191e-04 5.000000000000000104e-03 0.000000000000000000e+00 1.344370000000000014e-06 -8.707899999999999512e-08 6.666670000000000191e-04 -4.266670000000000185e-02 0.000000000000000000e+00 1.282900000000000033e-06 -2.081519999999999967e-07 6.666670000000000191e-04 5.266669999999999685e-02 0.000000000000000000e+00
1.277500000000000036e+01 1.863303000000000310e-06 -1.734599999999999928e-07 -5.000000000000000104e-04 1.250000000000000069e-02 1.000000000000000000e+00 1.465440000000000025e-06 -1.220040000000000117e-07 -2.000000000000000042e-03 -3.033330000000000054e-02 1.000000000000000000e+00 1.401179999999999898e-06 -2.249149999999999993e-07 1.000000000000000021e-03 5.533330000000000193e-02 1.000000000000000000e+00
1.277999999999999936e+01 2.072154499999999949e-06 -2.204919999999999868e-07 -5.000000000000000104e-04 1.483335000000000035e-02 5.000000000000000000e-01 1.595830000000000017e-06 -1.299199999999999881e-07 -6.666670000000000191e-04 -1.033330000000000012e-02 0.000000000000000000e+00 1.592099999999999969e-06 -3.110639999999999854e-07 -3.333330000000000017e-04 4.000000000000000083e-02 1.000000000000000000e+00
1.278500000000000014e+01 2.200796000000000062e-06 -2.672909999999999812e-07 0.000000000000000000e+00 -3.866664999999999686e-02 1.000000000000000000e+00 1.577669999999999965e-06 -6.845299999999999760e-08 -6.666670000000000191e-04 -3.333330000000000320e-02 1.000000000000000000e+00 1.808169999999999918e-06 -4.661289999999999780e-07 6.666670000000000191e-04 -4.399999999999999745e-02 1.000000000000000000e+00
1.278999999999999915e+01 2.360305999999999827e-06 -3.103650000000000134e-07 -6.666649999999999876e-04 -9.499999999999999764e-03 0.000000000000000000e+00 1.772780000000000076e-06 -2.705510000000000249e-07 -2.333330000000000213e-03 -4.399999999999999745e-02 0.000000000000000000e+00 1.858460000000000033e-06 -3.501790000000000018e-07 1.000000000000000021e-03 2.500000000000000139e-02 0.000000000000000000e+00
1.279499999999999993e+01 2.248317500000000095e-06 -2.610050000000000002e-07 -8.333315000000000427e-04 -1.166670000000000033e-02 5.000000000000000000e-01 1.724819999999999903e-06 -2.780019999999999770e-07 6.666670000000000191e-04 -5.166670000000000290e-02 0.000000000000000000e+00 1.734130000000000031e-06 -2.440080000000000234e-07 -2.333330000000000213e-03 2.833329999999999876e-02 1.000000000000000000e+00
1.280000000000000071e+01 2.291295500000000177e-06 -2.449389999999999939e-07 -1.833331500000000064e-03 -2.066668500000000061e-02 0.000000000000000000e+00 1.821670000000000085e-06 -1.713639999999999984e-07 -3.333330000000000017e-04 -4.966670000000000113e-02 0.000000000000000000e+00 1.703400000000000073e-06 -3.185140000000000158e-07 -3.333329999999999800e-03 8.333329999999999904e-03 0.000000000000000000e+00
1.280499999999999972e+01 2.238027999999999928e-06 -2.542519999999999926e-07 6.666670000000000191e-04 4.333334999999999791e-03 5.000000000000000000e-01 1.742049999999999906e-06 -7.683499999999999947e-08 6.666670000000000191e-04 -4.333329999999999821e-03 1.000000000000000000e+00 1.701069999999999919e-06 -4.316700000000000001e-07 6.666670000000000191e-04 1.299999999999999940e-02 0.000000000000000000e+00
1.281000000000000050e+01 2.076087000000000186e-06 -1.441229999999999995e-07 -1.333333500000000085e-03 -1.033334999999999983e-02 5.000000000000000000e-01 1.573010000000000081e-06 -7.031500000000000462e-08 -6.666670000000000191e-04 2.333330000000000126e-02 1.000000000000000000e+00 1.620970000000000042e-06 -2.179299999999999933e-07 -2.000000000000000042e-03 -4.399999999999999745e-02 0.000000000000000000e+00
1.281499999999999950e+01 1.783092999999999938e-06 -1.534359999999999983e-07 1.666670000000000087e-04 -2.949999999999999845e-02 0.000000000000000000e+00 1.448210000000000022e-06 -9.825500000000000202e-08 -3.333330000000000017e-04 -2.566670000000000063e-02 0.000000000000000000e+00 1.295009999999999947e-06 -2.086169999999999946e-07 6.666670000000000191e-04 -3.333330000000000320e-02 0.000000000000000000e+00
1.282000000000000028e+01 1.854833499999999984e-06 -1.036099999999999993e-07 1.666665000000000008e-04 -3.483329999999999760e-02 5.000000000000000000e-01 1.525049999999999908e-06 -3.445899999999999774e-08 1.000000000000000021e-03 -3.633329999999999893e-02 0.000000000000000000e+00 1.328539999999999904e-06 -1.727609999999999943e-07 -6.666670000000000191e-04 -3.333330000000000320e-02 1.000000000000000000e+00
1.282499999999999929e+01 1.681393999999999948e-06 -7.404099999999999444e-08 6.666670000000000191e-04 -2.116664999999999866e-02 0.000000000000000000e+00 1.322949999999999971e-06 -2.607699999999999918e-08 6.666670000000000191e-04 -1.799999999999999864e-02 0.000000000000000000e+00 1.263809999999999933e-06 -1.220040000000000117e-07 6.666670000000000191e-04 -2.433329999999999868e-02 0.000000000000000000e+00
1.283000000000000007e+01 1.551543500000000132e-06 -2.467999999999999997e-08 -1.166666499999999967e-03 -3.566670000000000257e-02 0.000000000000000000e+00 1.373240000000000086e-06 8.382000000000000213e-09 -2.000000000000000042e-03 -2.566670000000000063e-02 0.000000000000000000e+00 1.013750000000000035e-06 -5.774200000000000181e-08 -3.333330000000000017e-04 -4.566669999999999757e-02 0.000000000000000000e+00
1.283500000000000085e+01 1.540045000000000050e-06 1.434250000000000022e-07 -1.166666499999999967e-03 8.000000000000000167e-03 1.000000000000000000e+00 1.325279999999999913e-06 1.103620000000000058e-07 -2.000000000000000042e-03 5.233329999999999926e-02 1.000000000000000000e+00 1.044020000000000001e-06 1.764870000000000106e-07 -3.333330000000000017e-04 -3.633329999999999893e-02 1.000000000000000000e+00
1.283999999999999986e+01 1.543379500000000086e-06 9.057199999999999867e-08 9.999984999999999430e-04 8.666649999999999701e-03 5.000000000000000000e-01 1.107819999999999924e-06 8.940700000000000114e-08 -3.333330000000000017e-04 5.999999999999999778e-02 1.000000000000000000e+00 1.266609999999999931e-06 9.173599999999999506e-08 2.333330000000000213e-03 -4.266670000000000185e-02 0.000000000000000000e+00
1.284500000000000064e+01 1.284886200000000099e-06 -7.287599999999999691e-08 1.666670000000000087e-04 -1.833350000000000084e-03 0.000000000000000000e+00 1.027260000000000055e-06 -1.164199999999999930e-08 -3.333330000000000017e-04 3.899999999999999994e-02 0.000000000000000000e+00 9.494870000000000371e-07 -1.341110000000000023e-07 6.666670000000000191e-04 -4.266670000000000185e-02 0.000000000000000000e+00
1.284999999999999964e+01 1.187722899999999929e-06 -2.095500000000000136e-08 1.666670000000000087e-04 -4.833350000000000146e-03 5.000000000000000000e-01 9.671860000000000687e-07 6.332999999999999865e-08 -3.333330000000000017e-04 2.833329999999999876e-02 1.000000000000000000e+00 8.600800000000000094e-07 -1.052399999999999948e-07 6.666670000000000191e-04 -3.799999999999999906e-02 0.000000000000000000e+00
1.285500000000000043e+01 1.029722200000000131e-06 1.380699999999999916e-07 -8.333315000000000427e-04 -3.333330000000000320e-02 5.000000000000000000e-01 8.395910000000000435e-07 1.052399999999999948e-07 6.666670000000000191e-04 -1.333329999999999932e-02 0.000000000000000000e+00 7.445960000000000323e-07 1.708990000000000006e-07 -2.333330000000000213e-03 -5.333330000000000015e-02 1.000000000000000000e+00
1.285999999999999943e+01 1.038195599999999993e-06 8.288799999999999418e-08 1.666670000000000087e-04 -1.916668499999999928e-02 0.000000000000000000e+00 7.376110000000000263e-07 5.681099999999999831e-08 6.666670000000000191e-04 8.333329999999999904e-03 0.000000000000000000e+00 8.596139999999999575e-07 1.089649999999999967e-07 -3.333330000000000017e-04 -4.666669999999999846e-02 0.000000000000000000e+00
1.286500000000000021e+01 1.161387500000000195e-06 2.156030000000000017e-07 6.666670000000000191e-04 4.166650000000000041e-03 5.000000000000000000e-01 9.038519999999999861e-07 2.686880000000000036e-07 6.666670000000000191e-04 5.833329999999999765e-02 0.000000000000000000e+00 8.828969999999999682e-07 1.625169999999999987e-07 6.666670000000000191e-04 -5.000000000000000278e-02 1.000000000000000000e+00
1.286999999999999922e+01 1.008230600000000187e-06 1.192099999999999935e-07 0.000000000000000000e+00 1.166699999999999899e-03 5.000000000000000000e-01 7.045489999999999649e-07 1.397000000000000036e-09 -6.666670000000000191e-04 1.566669999999999868e-02 1.000000000000000000e+00 8.465760000000000495e-07 2.370229999999999910e-07 6.666670000000000191e-04 -1.333329999999999932e-02 0.000000000000000000e+00
1.287500000000000000e+01 8.986614000000000243e-07 2.654300000000000150e-08 0.000000000000000000e+00 5.066665000000000058e-02 5.000000000000000000e-01 6.156079999999999893e-07 -1.094309999999999957e-07 6.666670000000000191e-04 5.833329999999999765e-02 0.000000000000000000e+00 7.669479999999999667e-07 1.625169999999999987e-07 -6.666670000000000191e-04 4.299999999999999656e-02 1.000000000000000000e+00
1.288000000000000078e+01 9.716069999999999201e-07 9.545999999999999916e-09 9.999984999999999430e-04 3.950000000000000039e-02 5.000000000000000000e-01 8.349340000000000303e-07 -7.590300000000000145e-08 -3.333330000000000017e-04 5.066670000000000201e-02 0.000000000000000000e+00 6.598460000000000179e-07 9.499499999999999797e-08 2.333330000000000213e-03 2.833329999999999876e-02 1.000000000000000000e+00
1.288499999999999979e+01 1.035775000000000048e-06 4.074499999999999857e-08 6.666670000000000191e-04 2.549999999999999836e-02 5.000000000000000000e-01 8.996610000000000249e-07 -1.667080000000000129e-07 6.666670000000000191e-04 5.999999999999999778e-02 1.000000000000000000e+00 6.938390000000000497e-07 2.481989999999999847e-07 6.666670000000000191e-04 -8.999999999999999320e-03 0.000000000000000000e+00
1.289000000000000057e+01 1.055146300000000100e-06 -1.024460000000000030e-07 1.499998499999999953e-03 2.033335000000000004e-02 0.000000000000000000e+00 9.103710000000000460e-07 -3.604239999999999986e-07 2.333330000000000213e-03 5.566669999999999952e-02 0.000000000000000000e+00 7.129309999999999933e-07 1.555319999999999927e-07 6.666670000000000191e-04 -1.499999999999999944e-02 0.000000000000000000e+00
1.289499999999999957e+01 1.112655700000000190e-06 3.422599999999999824e-08 6.666670000000000191e-04 2.949999999999999845e-02 5.000000000000000000e-01 8.600800000000000094e-07 -1.206069999999999894e-07 6.666670000000000191e-04 4.766669999999999935e-02 1.000000000000000000e+00 8.516979999999999811e-07 1.890589999999999991e-07 6.666670000000000191e-04 1.133329999999999928e-02 0.000000000000000000e+00
1.290000000000000036e+01 1.207394500000000032e-06 5.937199999999999722e-08 -6.666664999999999570e-04 1.650000000000000078e-02 5.000000000000000000e-01 9.392420000000000403e-07 6.193300000000000275e-08 -2.000000000000000042e-03 -3.133330000000000143e-02 0.000000000000000000e+00 9.182880000000000500e-07 5.681099999999999831e-08 6.666670000000000191e-04 6.433329999999999604e-02 1.000000000000000000e+00
