12.650000000000	0.000001222835	-0.000000076369	-0.000833331500	0.006666650000	0.500000000000	0.000001105490	-0.000000063796	-0.002333330000	-0.049666700000	1.000000000000	0.000001340180	-0.000000088942	0.000666667000	0.063000000000	0.000000000000
12.655000000000	0.000001857995	-0.000000241214	0.000000000000	0.009166650000	0.500000000000	0.000001843560	-0.000000313392	0.000666667000	-0.039000000000	0.000000000000	0.000001872430	-0.000000169036	-0.000666667000	0.057333300000	1.000000000000
12.660000000000	0.000002184195	-0.000000470321	-0.001166666500	0.033333315000	0.500000000000	0.000002228200	-0.000000532254	-0.002000000000	0.005333330000	0.000000000000	0.000002140190	-0.000000408387	-0.000333333000	0.061333300000	1.000000000000
12.665000000000	0.000002276400	-0.000000380913	-0.000666667000	0.034166650000	0.500000000000	0.000002305500	-0.000000412112	-0.000666667000	0.057333300000	0.000000000000	0.000002247300	-0.000000349713	-0.000666667000	0.011000000000	1.000000000000
12.670000000000	0.000001869405	-0.000000273811	-0.000833331500	0.010333350000	0.500000000000	0.000001854270	-0.000000238420	0.000666667000	0.034000000000	1.000000000000	0.000001884540	-0.000000309201	-0.002333330000	-0.013333300000	0.000000000000
12.675000000000	0.000001290120	-0.000000001630	0.000000000000	0.013333350000	0.000000000000	0.000001170210	0.000000068918	-0.000666667000	-0.015000000000	0.000000000000	0.000001410030	-0.000000072178	0.000666667000	0.041666700000	0.000000000000
12.680000000000	0.000000441914	0.000000315022	0.001499998500	0.028833315000	0.500000000000	0.000000418631	0.000000484291	0.000666667000	0.003333330000	1.000000000000	0.000000465197	0.000000145753	0.002333330000	0.054333300000	0.000000000000
12.685000000000	-0.000000381611	0.000000570903	-0.000666667000	0.018166650000	1.000000000000	-0.000000466129	0.000000671953	-0.000666667000	-0.016000000000	2.000000000000	-0.000000297094	0.000000469854	-0.000666667000	0.052333300000	0.000000000000
12.690000000000	-0.000001032840	0.000000913867	0.000666667000	0.057833350000	0.500000000000	-0.000001213050	0.000001161370	0.000666667000	0.057000000000	0.000000000000	-0.000000852629	0.000000666365	0.000666667000	0.058666700000	1.000000000000
12.695000000000	-0.000001315265	0.000001119455	0.000833331500	0.022833300000	1.000000000000	-0.000001452870	0.000001300600	-0.000666667000	0.017333300000	1.000000000000	-0.000001177660	0.000000938311	0.002333330000	0.028333300000	1.000000000000
12.700000000000	-0.000001396990	0.000001126906	0.000000000000	-0.010166650000	0.500000000000	-0.000001347630	0.000001254960	-0.000666667000	-0.001000000000	0.000000000000	-0.000001446350	0.000000998851	0.000666667000	-0.019333300000	1.000000000000
12.705000000000	-0.000001200015	0.000001033542	-0.002000000000	0.035666650000	0.000000000000	-0.000001068700	0.000001193500	-0.002000000000	0.014000000000	0.000000000000	-0.000001331330	0.000000873584	-0.002000000000	0.057333300000	0.000000000000
12.710000000000	-0.000000718054	0.000000943669	0.000000000000	0.027833315000	0.000000000000	-0.000000579752	0.000001050540	0.002333330000	-0.005666670000	0.000000000000	-0.000000856355	0.000000836797	-0.002333330000	0.061333300000	0.000000000000
12.715000000000	0.000000036322	0.000000636330	-0.002666665000	0.050000000000	0.500000000000	0.000000152272	0.000000643082	-0.003333330000	0.041666700000	1.000000000000	-0.000000079629	0.000000629578	-0.002000000000	0.058333300000	0.000000000000
12.720000000000	0.000001016777	-0.000000006286	-0.001333331500	0.024166650000	1.000000000000	0.000001132030	0.000000008848	-0.002333330000	-0.012000000000	1.000000000000	0.000000901524	-0.000000021420	-0.000333333000	0.060333300000	1.000000000000
12.725000000000	0.000001926915	-0.000000459145	0.000000000000	0.009500000000	0.500000000000	0.000002066150	-0.000000366012	-0.000666667000	-0.025666700000	1.000000000000	0.000001787680	-0.000000552278	0.000666667000	0.044666700000	0.000000000000
12.730000000000	0.000002766040	-0.000000965552	0.000166667000	-0.017166685000	0.500000000000	0.000002703640	-0.000000912234	0.000666667000	-0.043666700000	0.000000000000	0.000002828440	-0.000001018870	-0.000333333000	0.009333330000	1.000000000000
12.735000000000	0.000003661975	-0.000001263815	0.001499998500	0.017333315000	0.000000000000	0.000003646610	-0.000001365330	0.002333330000	0.003333330000	0.000000000000	0.000003677340	-0.000001162300	0.000666667000	0.031333300000	0.000000000000
12.740000000000	0.000004224505	-0.000001387680	0.000000000000	0.043833300000	0.500000000000	0.000004150000	-0.000001508750	-0.000666667000	0.061333300000	1.000000000000	0.000004299010	-0.000001266610	0.000666667000	0.026333300000	0.000000000000
12.745000000000	0.000004405415	-0.000001443090	0.000166667000	-0.021000015000	0.000000000000	0.000004430330	-0.000001590240	-0.000333333000	0.001666670000	0.000000000000	0.000004380500	-0.000001295940	0.000666667000	-0.043666700000	0.000000000000
12.750000000000	0.000004239640	-0.000001449380	-0.000500000000	-0.011500000000	1.000000000000	0.000004211470	-0.000001448680	-0.000666667000	0.023666700000	0.000000000000	0.000004267810	-0.000001450080	-0.000333333000	-0.046666700000	2.000000000000
12.755000000000	0.000003974680	-0.000001479415	-0.001499998500	-0.008499985000	1.000000000000	0.000003832890	-0.000001603280	-0.000666667000	0.002333330000	1.000000000000	0.000004116470	-0.000001355550	-0.002333330000	-0.019333300000	1.000000000000
12.760000000000	0.000003594920	-0.000001278945	-0.000833331500	0.001166670000	1.000000000000	0.000003622390	-0.000001427720	-0.002333330000	-0.004333330000	1.000000000000	0.000003567450	-0.000001130170	0.000666667000	0.006666670000	1.000000000000
12.765000000000	0.000003078965	-0.000001048678	-0.000666667000	0.041000000000	0.000000000000	0.000003280130	-0.000001112010	-0.000666667000	0.049666700000	0.000000000000	0.000002877800	-0.000000985347	-0.000666667000	0.032333300000	0.000000000000
12.770000000000	0.000002451255	-0.000000694771	0.000166667000	0.049333350000	0.500000000000	0.000002664060	-0.000000728298	0.000666667000	0.043000000000	1.000000000000	0.000002238450	-0.000000661243	-0.000333333000	0.055666700000	0.000000000000
12.775000000000	0.000001941585	-0.000000369504	0.000166667000	0.042333300000	1.000000000000	0.000002010740	-0.000000370668	0.000666667000	0.058333300000	1.000000000000	0.000001872430	-0.000000368340	-0.000333333000	0.026333300000	1.000000000000
12.780000000000	0.000001576040	-0.000000047265	0.000666667000	-0.002666700000	0.000000000000	0.000001613060	-0.000000111759	0.000666667000	0.011333300000	0.000000000000	0.000001539020	0.000000017230	0.000666667000	-0.016666700000	0.000000000000
12.785000000000	0.000001226560	0.000000029337	0.000000000000	0.035500000000	0.500000000000	0.000001273130	0.000000062865	-0.000666667000	0.023333300000	0.000000000000	0.000001179990	-0.000000004191	0.000666667000	0.047666700000	1.000000000000
12.790000000000	0.000000962761	0.000000134344	0.001666665000	0.060333300000	0.500000000000	0.000001067770	0.000000194647	0.001000000000	0.060333300000	0.000000000000	0.000000857752	0.000000074041	0.002333330000	0.060333300000	1.000000000000
12.795000000000	0.000000776959	0.000000344125	0.000999998500	0.059500000000	0.500000000000	0.000000820499	0.000000263566	-0.000333333000	0.058666700000	1.000000000000	0.000000733420	0.000000424685	0.002333330000	0.060333300000	0.000000000000
12.800000000000	0.000000448901	0.000000363683	0.000166667000	0.054833300000	0.000000000000	0.000000294300	0.000000372065	-0.000333333000	0.054333300000	0.000000000000	0.000000603501	0.000000355301	0.000666667000	0.055333300000	0.000000000000
12.805000000000	0.000000500589	0.000000318980	-0.000500000000	0.056166650000	0.500000000000	0.000000301285	0.000000369271	-0.000333333000	0.057000000000	0.000000000000	0.000000699893	0.000000268688	-0.000666667000	0.055333300000	1.000000000000
12.810000000000	0.000000543196	0.000000247733	0.000666667000	0.006666650000	0.500000000000	0.000000421891	0.000000237954	0.000666667000	0.025000000000	0.000000000000	0.000000664502	0.000000257513	0.000666667000	-0.011666700000	1.000000000000
12.815000000000	0.000000562756	0.000000262168	0.000666667000	0.036166650000	0.000000000000	0.000000509437	0.000000319911	0.000666667000	0.011000000000	0.000000000000	0.000000616074	0.000000204426	0.000666667000	0.061333300000	0.000000000000
12.820000000000	0.000000516188	0.000000320610	-0.001333331500	0.038000000000	0.500000000000	0.000000569507	0.000000332950	-0.003333330000	0.023333300000	1.000000000000	0.000000462869	0.000000308270	0.000666667000	0.052666700000	0.000000000000
12.825000000000	0.000000525502	0.000000308269	0.000166666500	0.018666665000	0.500000000000	0.000000649135	0.000000361355	-0.000666667000	0.006333330000	0.000000000000	0.000000401868	0.000000255184	0.001000000000	0.031000000000	1.000000000000
12.830000000000	0.000000593721	0.000000270783	-0.000666666500	0.044333350000	0.500000000000	0.000000672884	0.000000249596	-0.002000000000	0.049666700000	0.000000000000	0.000000514559	0.000000291971	0.000666667000	0.039000000000	1.000000000000
12.835000000000	0.000000731558	0.000000324568	0.000833331500	0.046500000000	0.000000000000	0.000000613280	0.000000299888	0.002333330000	0.032666700000	0.000000000000	0.000000849835	0.000000349248	-0.000666667000	0.060333300000	0.000000000000
12.840000000000	0.000000837263	0.000000184636	0.000000000000	0.011666650000	0.500000000000	0.000000775330	0.000000296628	0.000666667000	0.035333300000	1.000000000000	0.000000899196	0.000000072644	-0.000666667000	-0.012000000000	0.000000000000
12.845000000000	0.000000741569	0.000000023283	0.000166666500	0.005833350000	0.500000000000	0.000000800941	0.000000079629	-0.000666667000	0.012666700000	1.000000000000	0.000000682197	-0.000000033062	0.001000000000	-0.001000000000	0.000000000000
12.850000000000	0.000000848905	-0.000000065659	0.001499998500	-0.001166650000	0.500000000000	0.000000834469	-0.000000230969	0.000666667000	0.018666700000	1.000000000000	0.000000863340	0.000000099652	0.002333330000	-0.021000000000	0.000000000000
12.855000000000	0.000000861479	-0.000000110363	-0.000333333000	-0.024833300000	0.500000000000	0.000000983018	-0.000000273345	-0.000333333000	-0.010333300000	0.000000000000	0.000000739939	0.000000052620	-0.000333333000	-0.039333300000	1.000000000000
12.860000000000	0.000001036101	-0.000000103145	-0.002166665000	0.019500015000	0.000000000000	0.000001193960	-0.000000168105	0.001000000000	0.032666700000	0.000000000000	0.000000878241	-0.000000038185	-0.005333330000	0.006333330000	0.000000000000
12.865000000000	0.000000948791	-0.000000066823	-0.000500000000	0.060000000000	0.000000000000	0.000000896402	-0.000000041910	-0.000666667000	0.061666700000	0.000000000000	0.000001001180	-0.000000091736	-0.000333333000	0.058333300000	0.000000000000
12.870000000000	0.000000994425	0.000000035390	-0.001333333500	0.017000015000	0.000000000000	0.000000923410	0.000000079629	-0.000666667000	0.009333330000	0.000000000000	0.000001065440	-0.000000008848	-0.002000000000	0.024666700000	0.000000000000
12.875000000000	0.000001042160	-0.000000010245	0.000999998500	-0.007166666500	0.500000000000	0.000001072430	0.000000028871	-0.000333333000	-0.015000000000	0.000000000000	0.000001011890	-0.000000049360	0.002333330000	0.000666667000	1.000000000000
12.880000000000	0.000001112470	-0.000000122004	0.000666667000	-0.028666650000	0.500000000000	0.000000983950	-0.000000077300	0.000666667000	-0.039333300000	1.000000000000	0.000001240990	-0.000000166708	0.000666667000	-0.018000000000	0.000000000000
12.885000000000	0.000001033545	-0.000000050990	-0.000666666500	-0.036166650000	0.500000000000	0.000001058460	0.000000131783	-0.002000000000	-0.034333300000	0.000000000000	0.000001008630	-0.000000233763	0.000666667000	-0.038000000000	1.000000000000
12.890000000000	0.000001132725	-0.000000121072	-0.002000000000	0.004000000000	0.000000000000	0.000001313170	0.000000121539	-0.002000000000	0.006333330000	0.000000000000	0.000000952281	-0.000000363683	-0.002000000000	0.001666670000	0.000000000000
12.895000000000	0.000001232610	0.000000014901	-0.000500000000	0.047333350000	0.500000000000	0.000001395590	0.000000061933	-0.000333333000	0.048000000000	0.000000000000	0.000001069630	-0.000000032131	-0.000666667000	0.046666700000	1.000000000000
12.900000000000	0.000001209330	-0.000000227011	0.000166666500	0.005166665000	0.500000000000	0.000001378830	-0.000000250993	0.001000000000	-0.005666670000	0.000000000000	0.000001039830	-0.000000203029	-0.000666667000	0.016000000000	1.000000000000
