12.650000000000	0.000001301065	-0.000000274508	0.001666668500	0.039666700000	1.500000000000	0.000001405370	-0.000000345988	0.002666670000	0.049666700000	1.000000000000	0.000001196760	-0.000000203029	0.000666667000	0.029666700000	2.000000000000
12.655000000000	0.000002300380	-0.000000723409	-0.000500000000	0.026500015000	1.000000000000	0.000002386990	-0.000000803269	-0.000333333000	0.047666700000	0.000000000000	0.000002213770	-0.000000643548	-0.000666667000	0.005333330000	2.000000000000
12.660000000000	0.000002739965	-0.000000888255	0.000166667000	0.033333315000	0.000000000000	0.000002740430	-0.000000965323	0.000666667000	0.061333300000	0.000000000000	0.000002739500	-0.000000811186	-0.000333333000	0.005333330000	0.000000000000
12.665000000000	0.000002733680	-0.000000782082	0.000166667000	-0.011000000000	0.000000000000	0.000002805160	-0.000000879638	-0.000333333000	0.026333300000	0.000000000000	0.000002662200	-0.000000684526	0.000666667000	-0.048333300000	0.000000000000
12.670000000000	0.000002220055	-0.000000636795	-0.000833331500	0.013500000000	0.000000000000	0.000002304110	-0.000000559729	0.000666667000	0.044666700000	0.000000000000	0.000002136000	-0.000000713862	-0.002333330000	-0.017666700000	0.000000000000
12.675000000000	0.000001370215	-0.000000220958	-0.000666666500	-0.013166700000	0.000000000000	0.000001525980	-0.000000132714	-0.002000000000	0.023333300000	0.000000000000	0.000001214450	-0.000000309201	0.000666667000	-0.049666700000	0.000000000000
12.680000000000	0.000000166940	0.000000435163	0.000166667000	-0.025000015000	0.500000000000	0.000000236091	0.000000369271	0.000666667000	-0.004333330000	1.000000000000	0.000000097789	0.000000501055	-0.000333333000	-0.045666700000	0.000000000000
12.685000000000	-0.000000982785	0.000001036336	0.001499998500	-0.001333350000	0.000000000000	-0.000001117130	0.000000982553	0.000666667000	0.043000000000	0.000000000000	-0.000000848439	0.000001090120	0.002333330000	-0.045666700000	0.000000000000
12.690000000000	-0.000002047995	0.000001584185	-0.002000000000	0.018833350000	1.000000000000	-0.000002014000	0.000001627490	-0.002000000000	0.058666700000	1.000000000000	-0.000002081990	0.000001540880	-0.002000000000	-0.021000000000	1.000000000000
12.695000000000	-0.000002587230	0.000001747165	0.000000000000	0.023833335000	0.000000000000	-0.000002556960	0.000001743440	-0.000666667000	0.001666670000	0.000000000000	-0.000002617500	0.000001750890	0.000666667000	0.046000000000	0.000000000000
12.700000000000	-0.000002738105	0.000001821210	-0.000833331500	0.013333300000	0.000000000000	-0.000002762320	0.000001879880	-0.002333330000	-0.016666700000	0.000000000000	-0.000002713890	0.000001762540	0.000666667000	0.043333300000	0.000000000000
12.705000000000	-0.000002414465	0.000001593735	-0.000833331500	0.014166650000	0.500000000000	-0.000002297120	0.000001604210	0.000666667000	-0.033000000000	1.000000000000	-0.000002531810	0.000001583260	-0.002333330000	0.061333300000	0.000000000000
12.710000000000	-0.000001514575	0.000001152520	0.001499998500	0.007333300000	1.000000000000	-0.000001505960	0.000001007700	0.000666667000	-0.045666700000	0.000000000000	-0.000001523190	0.000001297340	0.002333330000	0.060333300000	2.000000000000
12.715000000000	-0.000000449598	0.000000479634	0.000000000000	0.009666650000	1.000000000000	-0.000000532254	0.000000321308	-0.000666667000	-0.031666700000	1.000000000000	-0.000000366943	0.000000637960	0.000666667000	0.051000000000	1.000000000000
12.720000000000	0.000001155315	-0.000000111526	0.000833331500	0.031000000000	0.000000000000	0.000001149260	-0.000000141096	0.002333330000	0.014000000000	0.000000000000	0.000001161370	-0.000000081957	-0.000666667000	0.048000000000	0.000000000000
12.725000000000	0.000002772330	-0.000000780917	0.000833333500	-0.003333350000	0.000000000000	0.000002792590	-0.000000820499	0.001000000000	0.037333300000	0.000000000000	0.000002752070	-0.000000741336	0.000666667000	-0.044000000000	0.000000000000
12.730000000000	0.000004270375	-0.000001579530	0.000166667000	-0.024000000000	1.500000000000	0.000004264090	-0.000001692690	-0.000333333000	-0.022333300000	1.000000000000	0.000004276660	-0.000001466370	0.000666667000	-0.025666700000	2.000000000000
12.735000000000	0.000005281795	-0.000002025640	0.000000000000	-0.030833350000	0.500000000000	0.000005332320	-0.000002104800	0.000666667000	-0.038000000000	0.000000000000	0.000005231270	-0.000001946480	-0.000666667000	-0.023666700000	1.000000000000
12.740000000000	0.000005883660	-0.000002365575	-0.000500000000	-0.011666665000	1.500000000000	0.000006014980	-0.000002429370	-0.000333333000	-0.027000000000	1.000000000000	0.000005752340	-0.000002301780	-0.000666667000	0.003666670000	2.000000000000
12.745000000000	0.000006222890	-0.000002468720	0.000166667000	0.011166650000	0.500000000000	0.000006245010	-0.000002398170	0.000666667000	-0.041000000000	1.000000000000	0.000006200770	-0.000002539270	-0.000333333000	0.063333300000	0.000000000000
12.750000000000	0.000006181915	-0.000002358590	0.000666667000	0.029333350000	0.000000000000	0.000006310670	-0.000002309230	0.000666667000	0.037000000000	0.000000000000	0.000006053160	-0.000002407950	0.000666667000	0.021666700000	0.000000000000
12.755000000000	0.000005777255	-0.000001966960	0.000000000000	0.008666650000	0.500000000000	0.000005806360	-0.000001898970	0.000666667000	0.060000000000	1.000000000000	0.000005748150	-0.000002034950	-0.000666667000	-0.042666700000	0.000000000000
12.760000000000	0.000005159555	-0.000001732500	0.003000000000	-0.014166650000	1.000000000000	0.000005239650	-0.000001681040	0.003666670000	0.011000000000	1.000000000000	0.000005079460	-0.000001783960	0.002333330000	-0.039333300000	1.000000000000
12.765000000000	0.000004391445	-0.000001390470	-0.000666667000	-0.009500015000	0.000000000000	0.000004494590	-0.000001234010	-0.000666667000	-0.004333330000	0.000000000000	0.000004288300	-0.000001546930	-0.000666667000	-0.014666700000	0.000000000000
12.770000000000	0.000003449635	-0.000000954609	0.000166665000	0.002166650000	1.000000000000	0.000003426820	-0.000000893608	-0.002000000000	0.017333300000	1.000000000000	0.000003472450	-0.000001015610	0.002333330000	-0.013000000000	1.000000000000
12.775000000000	0.000002614005	-0.000000515258	0.002999998500	-0.007333350000	1.000000000000	0.000002467090	-0.000000515025	0.005333330000	0.005000000000	0.000000000000	0.000002760920	-0.000000515491	0.000666667000	-0.019666700000	2.000000000000
12.780000000000	0.000001737855	-0.000000294532	-0.000666666500	0.005666650000	0.000000000000	0.000001718300	-0.000000311995	0.000666667000	0.058333300000	0.000000000000	0.000001757410	-0.000000277070	-0.002000000000	-0.047000000000	0.000000000000
12.785000000000	0.000001175335	-0.000000009779	0.000166667000	-0.002833350000	0.000000000000	0.000001150190	-0.000000088476	0.000666667000	0.040000000000	0.000000000000	0.000001200480	0.000000068918	-0.000333333000	-0.045666700000	0.000000000000
12.790000000000	0.000000793724	0.000000232133	-0.000333333000	0.008000000000	0.500000000000	0.000000720382	0.000000267757	-0.000333333000	0.061666700000	0.000000000000	0.000000867065	0.000000196510	-0.000333333000	-0.045666700000	1.000000000000
12.795000000000	0.000000598378	0.000000274276	0.000666667000	0.002500000000	0.000000000000	0.000000492208	0.000000355301	0.000666667000	0.053666700000	0.000000000000	0.000000704549	0.000000193250	0.000666667000	-0.048666700000	0.000000000000
12.800000000000	0.000000369504	0.000000382077	0.000000000000	0.003666650000	0.500000000000	0.000000320377	0.000000439586	0.000666667000	0.057333300000	0.000000000000	0.000000418631	0.000000324568	-0.000666667000	-0.050000000000	1.000000000000
12.805000000000	0.000000044937	0.000000381379	0.001000000000	0.029833315000	0.500000000000	0.000000051223	0.000000398608	0.001000000000	0.054333300000	1.000000000000	0.000000038650	0.000000364149	0.001000000000	0.005333330000	0.000000000000
12.810000000000	0.000000056112	0.000000393253	-0.000833331500	0.038166650000	0.500000000000	0.000000013970	0.000000454953	-0.002333330000	0.016000000000	0.000000000000	0.000000098255	0.000000331553	0.000666667000	0.060333300000	1.000000000000
12.815000000000	0.000000443078	0.000000608391	-0.001166666500	-0.016333350000	0.500000000000	0.000000433532	0.000000723176	-0.000333333000	-0.040666700000	0.000000000000	0.000000452625	0.000000493605	-0.002000000000	0.008000000000	1.000000000000
12.820000000000	0.000000423289	0.000000444942	0.001666665000	0.031000000000	0.000000000000	0.000000357630	0.000000532254	0.001000000000	0.027666700000	0.000000000000	0.000000488948	0.000000357630	0.002333330000	0.034333300000	0.000000000000
12.825000000000	0.000000257512	0.000000389294	-0.002666665000	0.032333300000	1.000000000000	0.000000365546	0.000000379981	-0.003333330000	0.032333300000	2.000000000000	0.000000149478	0.000000398608	-0.002000000000	0.032333300000	0.000000000000
12.830000000000	0.000000383706	0.000000291040	0.000999998500	0.022500000000	0.000000000000	0.000000407455	0.000000289177	-0.000333333000	0.012666700000	0.000000000000	0.000000359958	0.000000292903	0.002333330000	0.032333300000	0.000000000000
12.835000000000	0.000000333881	0.000000265895	-0.001499998500	0.025000000000	0.500000000000	0.000000285918	0.000000263566	-0.002333330000	0.015666700000	0.000000000000	0.000000381844	0.000000268223	-0.000666667000	0.034333300000	1.000000000000
12.840000000000	0.000000471251	0.000000055880	0.000666667000	-0.035500000000	0.500000000000	0.000000345522	-0.000000019558	0.000666667000	-0.041000000000	0.000000000000	0.000000596981	0.000000131317	0.000666667000	-0.030000000000	1.000000000000
12.845000000000	0.000000474977	0.000000328061	0.000000000000	-0.013500000000	0.500000000000	0.000000332018	0.000000268223	-0.000666667000	-0.038000000000	1.000000000000	0.000000617936	0.000000387898	0.000666667000	0.011000000000	0.000000000000
12.850000000000	0.000000645643	0.000000171364	0.000999998500	-0.001000000000	0.000000000000	0.000000563454	0.000000009779	-0.000333333000	-0.013333300000	0.000000000000	0.000000727832	0.000000332950	0.002333330000	0.011333300000	0.000000000000
12.855000000000	0.000000761127	0.000000053784	0.000666667000	-0.007833350000	1.000000000000	0.000000726901	-0.000000081957	0.000666667000	-0.023666700000	1.000000000000	0.000000795353	0.000000189525	0.000666667000	0.008000000000	1.000000000000
12.860000000000	0.000000912234	0.000000158791	0.000166667000	0.031833315000	0.000000000000	0.000000934586	0.000000020024	-0.000333333000	0.060333300000	0.000000000000	0.000000889882	0.000000297559	0.000666667000	0.003333330000	0.000000000000
12.865000000000	0.000001025395	0.000000161818	0.000166667000	-0.008500000000	0.500000000000	0.000001002110	0.000000108965	-0.000333333000	0.032666700000	1.000000000000	0.000001048680	0.000000214671	0.000666667000	-0.049666700000	0.000000000000
12.870000000000	0.000001187210	-0.000000081026	0.000000000000	-0.016333315000	0.000000000000	0.000001137620	-0.000000013039	0.000666667000	-0.025333300000	0.000000000000	0.000001236800	-0.000000149013	-0.000666667000	-0.007333330000	0.000000000000
12.875000000000	0.000001203510	-0.000000091270	0.000166665000	-0.047666700000	1.500000000000	0.000001125510	0.000000040047	0.002333330000	-0.045666700000	1.000000000000	0.000001281510	-0.000000222587	-0.002000000000	-0.049666700000	2.000000000000
12.880000000000	0.000001368355	0.000000053086	0.000833331500	-0.029333350000	0.500000000000	0.000001303860	0.000000000931	0.002333330000	-0.011666700000	0.000000000000	0.000001432850	0.000000105240	-0.000666667000	-0.047000000000	1.000000000000
12.885000000000	0.000001211190	0.000000007683	0.000000000000	-0.006666650000	0.500000000000	0.000001083600	-0.000000150410	0.000666667000	0.024666700000	0.000000000000	0.000001338780	0.000000165776	-0.000666667000	-0.038000000000	1.000000000000
12.890000000000	0.000001110840	-0.000000020955	-0.000666667000	-0.004166650000	0.500000000000	0.000001090120	-0.000000134111	-0.000666667000	0.024666700000	0.000000000000	0.000001131560	0.000000092201	-0.000666667000	-0.033000000000	1.000000000000
12.895000000000	0.000001046582	-0.000000041677	0.000000000000	0.007666650000	1.000000000000	0.000001138550	-0.000000037253	0.000666667000	-0.039000000000	1.000000000000	0.000000954613	-0.000000046101	-0.000666667000	0.054333300000	1.000000000000
12.900000000000	0.000001067068	-0.000000120607	0.000000000000	0.000500000000	0.000000000000	0.000001210260	-0.000000014436	0.000666667000	-0.037666700000	0.000000000000	0.000000923876	-0.000000226778	-0.000666667000	0.038666700000	0.000000000000
