12.650000000000	0.000001321785	-0.000000166940	-0.000500000000	0.009000000000	1.000000000000	0.000001267070	0.000000032596	-0.000333333000	-0.039333300000	1.000000000000	0.000001376500	-0.000000366477	-0.000666667000	0.057333300000	1.000000000000
12.655000000000	0.000000393485	0.000000301983	0.000000000000	0.006833300000	1.500000000000	0.000000369271	0.000000401868	-0.000666667000	0.028333300000	1.000000000000	0.000000417700	0.000000202098	0.000666667000	-0.014666700000	2.000000000000
12.660000000000	-0.000000169036	0.000000599076	0.000166667000	0.015000000000	0.500000000000	-0.000000063796	0.000000657517	-0.000333333000	0.057000000000	1.000000000000	-0.000000274276	0.000000540636	0.000666667000	-0.027000000000	0.000000000000
12.665000000000	0.000000045402	0.000000568342	-0.000500000000	-0.030333300000	0.500000000000	0.000000098255	0.000000682197	-0.000666667000	-0.024333300000	1.000000000000	-0.000000007451	0.000000454487	-0.000333333000	-0.036333300000	0.000000000000
12.670000000000	0.000000742733	0.000000207919	0.000166667000	-0.037000000000	0.000000000000	0.000000776261	0.000000267291	0.000666667000	-0.024333300000	0.000000000000	0.000000709206	0.000000148547	-0.000333333000	-0.049666700000	0.000000000000
12.675000000000	0.000002024010	-0.000000318747	0.000000000000	-0.030166650000	0.500000000000	0.000002010740	-0.000000273811	-0.000666667000	-0.039333300000	1.000000000000	0.000002037280	-0.000000363683	0.000666667000	-0.021000000000	0.000000000000
12.680000000000	0.000003339970	-0.000000940411	-0.000500000000	-0.023333335000	0.500000000000	0.000003323440	-0.000001037970	-0.000333333000	-0.050000000000	1.000000000000	0.000003356500	-0.000000842851	-0.000666667000	0.003333330000	0.000000000000
12.685000000000	0.000004415895	-0.000001417245	-0.001333331500	0.035500000000	0.000000000000	0.000004212400	-0.000001467770	-0.002333330000	0.012666700000	0.000000000000	0.000004619390	-0.000001366720	-0.000333333000	0.058333300000	0.000000000000
12.690000000000	0.000005290640	-0.000001786515	0.000666667000	0.048666700000	0.500000000000	0.000005211710	-0.000001809100	0.000666667000	0.052666700000	0.000000000000	0.000005369570	-0.000001763930	0.000666667000	0.044666700000	1.000000000000
12.695000000000	0.000005515555	-0.000002012600	-0.002000000000	0.020166666500	0.000000000000	0.000005547450	-0.000002007010	-0.002000000000	0.000333333000	0.000000000000	0.000005483660	-0.000002018190	-0.002000000000	0.040000000000	0.000000000000
12.700000000000	0.000005267125	-0.000001943680	0.000000000000	-0.008666685000	0.500000000000	0.000005308100	-0.000001817020	-0.000666667000	-0.014666700000	0.000000000000	0.000005226150	-0.000002070340	0.000666667000	-0.002666670000	1.000000000000
12.705000000000	0.000004434525	-0.000001569520	0.000000000000	-0.022666700000	0.500000000000	0.000004458740	-0.000001460790	-0.000666667000	-0.028666700000	1.000000000000	0.000004410310	-0.000001678250	0.000666667000	-0.016666700000	0.000000000000
12.710000000000	0.000003240780	-0.000001173705	0.000166666500	-0.021666650000	0.500000000000	0.000003281060	-0.000001091050	-0.000666667000	-0.018000000000	1.000000000000	0.000003200500	-0.000001256360	0.001000000000	-0.025333300000	0.000000000000
12.715000000000	0.000001832385	-0.000000359260	0.000000000000	0.046666650000	0.500000000000	0.000001689890	-0.000000196976	0.000666667000	0.039000000000	0.000000000000	0.000001974880	-0.000000521544	-0.000666667000	0.054333300000	1.000000000000
12.720000000000	0.000000005588	0.000000526665	-0.000500000000	0.060000000000	0.000000000000	-0.000000115484	0.000000647273	-0.000333333000	0.060000000000	0.000000000000	0.000000126661	0.000000406058	-0.000666667000	0.060000000000	0.000000000000
12.725000000000	-0.000001680815	0.000001357875	0.000833333500	0.029666650000	0.000000000000	-0.000001830990	0.000001485930	0.001000000000	0.005000000000	0.000000000000	-0.000001530640	0.000001229820	0.000666667000	0.054333300000	0.000000000000
12.730000000000	-0.000003085720	0.000002019815	-0.001166666500	0.013166665000	0.000000000000	-0.000003173500	0.000002236120	-0.002000000000	0.020000000000	0.000000000000	-0.000002997940	0.000001803510	-0.000333333000	0.006333330000	0.000000000000
12.735000000000	-0.000004196335	0.000002319010	-0.001833331500	0.030333315000	0.500000000000	-0.000004382830	0.000002511330	-0.000333333000	0.003333330000	0.000000000000	-0.000004009840	0.000002126690	-0.003333330000	0.057333300000	1.000000000000
12.740000000000	-0.000004675965	0.000002379315	0.000166667000	0.021166650000	0.500000000000	-0.000004813570	0.000002465230	0.000666667000	-0.012000000000	0.000000000000	-0.000004538360	0.000002293400	-0.000333333000	0.054333300000	1.000000000000
12.745000000000	-0.000004686910	0.000002501780	0.000666667000	0.013500000000	0.500000000000	-0.000004638950	0.000002550440	0.000666667000	0.010000000000	0.000000000000	-0.000004734870	0.000002453120	0.000666667000	0.017000000000	1.000000000000
12.750000000000	-0.000004393080	0.000002283385	0.000166667000	-0.027166665000	0.500000000000	-0.000004289240	0.000002332050	0.000666667000	-0.004333330000	1.000000000000	-0.000004496920	0.000002234720	-0.000333333000	-0.050000000000	0.000000000000
12.755000000000	-0.000003592355	0.000001898045	-0.001333333500	-0.034833350000	0.500000000000	-0.000003510630	0.000001906890	-0.000666667000	-0.019666700000	1.000000000000	-0.000003674080	0.000001889200	-0.002000000000	-0.050000000000	0.000000000000
12.760000000000	-0.000002496890	0.000001512475	-0.001333333500	-0.040833350000	0.500000000000	-0.000002260330	0.000001445890	-0.002000000000	-0.036000000000	1.000000000000	-0.000002733450	0.000001579060	-0.000666667000	-0.045666700000	0.000000000000
12.765000000000	-0.000001452635	0.000001108980	-0.000500000000	-0.028833300000	0.000000000000	-0.000001312240	0.000001100830	-0.000333333000	-0.024333300000	0.000000000000	-0.000001593030	0.000001117130	-0.000666667000	-0.033333300000	0.000000000000
12.770000000000	-0.000000265662	0.000000709904	-0.001333331500	-0.023833350000	0.000000000000	-0.000000283590	0.000000636097	-0.002333330000	-0.031666700000	0.000000000000	-0.000000247734	0.000000783712	-0.000333333000	-0.016000000000	0.000000000000
12.775000000000	0.000000572999	0.000000394184	-0.001333331500	-0.034000000000	0.500000000000	0.000000602569	0.000000353904	-0.002333330000	-0.018000000000	0.000000000000	0.000000543430	0.000000434464	-0.000333333000	-0.050000000000	1.000000000000
12.780000000000	0.000001416315	-0.000000107801	0.001499998500	-0.043166650000	0.500000000000	0.000001414220	-0.000000136905	0.000666667000	-0.053333300000	0.000000000000	0.000001418410	-0.000000078697	0.002333330000	-0.033000000000	1.000000000000
12.785000000000	0.000001958815	-0.000000425384	0.000833331500	-0.015499985000	0.500000000000	0.000001973950	-0.000000386501	0.002333330000	-0.008666670000	0.000000000000	0.000001943680	-0.000000464266	-0.000666667000	-0.022333300000	1.000000000000
12.790000000000	0.000002344850	-0.000000437025	0.000166666500	0.022500000000	0.500000000000	0.000002341360	-0.000000517353	0.001000000000	0.015666700000	0.000000000000	0.000002348340	-0.000000356698	-0.000666667000	0.029333300000	1.000000000000
12.795000000000	0.000002810980	-0.000000544827	-0.000500000000	0.034166650000	0.500000000000	0.000002848000	-0.000000564385	-0.000333333000	0.008000000000	0.000000000000	0.000002773960	-0.000000525270	-0.000666667000	0.060333300000	1.000000000000
12.800000000000	0.000003081530	-0.000000819336	-0.000500000000	0.042500000000	0.500000000000	0.000003173500	-0.000000958804	-0.000666667000	0.024666700000	1.000000000000	0.000002989560	-0.000000679869	-0.000333333000	0.060333300000	0.000000000000
12.805000000000	0.000003050795	-0.000000890583	-0.000333333000	-0.006166650000	0.500000000000	0.000003029610	-0.000001018410	-0.000333333000	-0.022333300000	0.000000000000	0.000003071980	-0.000000762757	-0.000333333000	0.010000000000	1.000000000000
12.810000000000	0.000003071980	-0.000000933189	0.000000000000	-0.030833350000	0.500000000000	0.000003076170	-0.000001068230	-0.000666667000	-0.048666700000	0.000000000000	0.000003067790	-0.000000798147	0.000666667000	-0.013000000000	1.000000000000
12.815000000000	0.000002972565	-0.000000936683	0.002166668500	0.018500000000	0.000000000000	0.000003059410	-0.000000807926	0.000666667000	0.020000000000	0.000000000000	0.000002885720	-0.000001065440	0.003666670000	0.017000000000	0.000000000000
12.820000000000	0.000002818195	-0.000000875681	0.000166667000	0.047833300000	0.500000000000	0.000002824250	-0.000000766482	0.000666667000	0.061333300000	1.000000000000	0.000002812140	-0.000000984881	-0.000333333000	0.034333300000	0.000000000000
12.825000000000	0.000002675705	-0.000000761127	0.000166667000	0.056000000000	0.000000000000	0.000002775360	-0.000000616539	-0.000333333000	0.061333300000	0.000000000000	0.000002576050	-0.000000905715	0.000666667000	0.050666700000	0.000000000000
12.830000000000	0.000002566275	-0.000000624688	0.000666667000	0.024166700000	1.000000000000	0.000002624950	-0.000000411181	0.000666667000	-0.010333300000	1.000000000000	0.000002507600	-0.000000838194	0.000666667000	0.058666700000	1.000000000000
12.835000000000	0.000002310625	-0.000000560193	-0.002333330000	-0.017000000000	0.500000000000	0.000002393510	-0.000000401402	-0.002333330000	-0.027000000000	0.000000000000	0.000002227740	-0.000000718985	-0.002333330000	-0.007000000000	1.000000000000
12.840000000000	0.000002135305	-0.000000459843	-0.001499998500	-0.034833350000	1.000000000000	0.000002088510	-0.000000438655	-0.002333330000	-0.047000000000	1.000000000000	0.000002182100	-0.000000481032	-0.000666667000	-0.022666700000	1.000000000000
12.845000000000	0.000002084780	-0.000000408386	0.000666667000	-0.008000000000	0.500000000000	0.000002047990	-0.000000413043	0.000666667000	-0.048333300000	0.000000000000	0.000002121570	-0.000000403730	0.000666667000	0.032333300000	1.000000000000
12.850000000000	0.000001908055	-0.000000277303	0.000166666500	0.018666650000	0.000000000000	0.000001913880	-0.000000265894	-0.000666667000	-0.012000000000	0.000000000000	0.000001902230	-0.000000288712	0.001000000000	0.049333300000	0.000000000000
12.855000000000	0.000001805375	-0.000000301517	-0.000833331500	0.048000000000	1.000000000000	0.000001843090	-0.000000344591	0.000666667000	0.037333300000	1.000000000000	0.000001767660	-0.000000258444	-0.002333330000	0.058666700000	1.000000000000
12.860000000000	0.000001750895	-0.000000387898	0.000000000000	0.002833300000	1.000000000000	0.000001795130	-0.000000419097	0.000666667000	-0.049666700000	2.000000000000	0.000001706660	-0.000000356698	-0.000666667000	0.055333300000	0.000000000000
12.865000000000	0.000001596295	-0.000000336442	0.001666668500	0.005833300000	0.000000000000	0.000001523190	-0.000000270551	0.002666670000	-0.048666700000	0.000000000000	0.000001669400	-0.000000402333	0.000666667000	0.060333300000	0.000000000000
12.870000000000	0.000001362535	-0.000000213274	0.001166668500	0.005833350000	0.000000000000	0.000001157180	-0.000000075903	0.002666670000	-0.047000000000	0.000000000000	0.000001567890	-0.000000350645	-0.000333333000	0.058666700000	0.000000000000
12.875000000000	0.000001336455	-0.000000201400	0.000166666500	0.026500000000	0.500000000000	0.000001145530	-0.000000063796	0.001000000000	0.034000000000	1.000000000000	0.000001527380	-0.000000339003	-0.000666667000	0.019000000000	0.000000000000
12.880000000000	0.000001329470	-0.000000168570	0.000999998500	0.059333350000	0.000000000000	0.000001289890	-0.000000133180	0.002333330000	0.061666700000	0.000000000000	0.000001369050	-0.000000203961	-0.000333333000	0.057000000000	0.000000000000
12.885000000000	0.000001184880	-0.000000157162	0.000833333500	0.017333300000	1.500000000000	0.000001172540	-0.000000147616	0.000666667000	0.057333300000	1.000000000000	0.000001197220	-0.000000166708	0.001000000000	-0.022666700000	2.000000000000
12.890000000000	0.000001145300	-0.000000146218	0.000000000000	-0.001000000000	0.000000000000	0.000001264740	-0.000000084751	0.000666667000	0.049333300000	0.000000000000	0.000001025860	-0.000000207686	-0.000666667000	-0.051333300000	0.000000000000
12.895000000000	0.000001282905	-0.000000067987	0.000999998500	-0.009999985000	0.500000000000	0.000001278250	0.000000037253	0.002333330000	0.002333330000	1.000000000000	0.000001287560	-0.000000173227	-0.000333333000	-0.022333300000	0.000000000000
12.900000000000	0.000001281970	-0.000000124565	0.000166667000	-0.038666650000	1.000000000000	0.000001390470	-0.000000202098	-0.000333333000	-0.044000000000	1.000000000000	0.000001173470	-0.000000047032	0.000666667000	-0.033333300000	1.000000000000
