12.650000000000	0.000001231215	-0.000000115950	0.000000000000	0.017333350000	0.500000000000	0.000001342040	-0.000000136905	0.000666667000	-0.018000000000	1.000000000000	0.000001120390	-0.000000094995	-0.000666667000	0.052666700000	0.000000000000
12.655000000000	0.000001242855	-0.000000058906	-0.001333333500	0.013666650000	0.500000000000	0.000001235870	-0.000000097789	-0.000666667000	-0.023666700000	1.000000000000	0.000001249840	-0.000000020024	-0.002000000000	0.051000000000	0.000000000000
12.660000000000	0.000001006065	-0.000000182075	0.000000000000	-0.013166650000	0.500000000000	0.000000800010	-0.000000347851	0.000666667000	-0.051333300000	0.000000000000	0.000001212120	-0.000000016298	-0.000666667000	0.025000000000	1.000000000000
12.665000000000	0.000000806995	-0.000000043074	-0.001499998500	0.003000000000	1.500000000000	0.000000664037	0.000000034925	-0.002333330000	0.046666700000	1.000000000000	0.000000949953	-0.000000121073	-0.000666667000	-0.040666700000	2.000000000000
12.670000000000	0.000000588599	0.000000147848	0.000333333500	-0.037833300000	0.000000000000	0.000000447968	0.000000268688	0.001000000000	-0.048333300000	0.000000000000	0.000000729229	0.000000027008	-0.000333333000	-0.027333300000	0.000000000000
12.675000000000	0.000000358328	0.000000166009	-0.000833331500	-0.004333350000	0.500000000000	0.000000271948	0.000000263566	0.000666667000	-0.045666700000	1.000000000000	0.000000444708	0.000000068453	-0.002333330000	0.037000000000	0.000000000000
12.680000000000	0.000000196976	0.000000247733	0.000833333500	0.041833300000	0.500000000000	0.000000159723	0.000000281261	0.001000000000	0.026333300000	1.000000000000	0.000000234229	0.000000214205	0.000666667000	0.057333300000	0.000000000000
12.685000000000	0.000000181376	0.000000318747	0.000166670000	0.032500015000	0.000000000000	0.000000189525	0.000000269620	-0.002333330000	0.058666700000	0.000000000000	0.000000173227	0.000000367874	0.002666670000	0.006333330000	0.000000000000
12.690000000000	0.000000534118	0.000000125264	0.001000001500	-0.003333350000	1.000000000000	0.000000530858	0.000000205358	-0.000666667000	-0.014666700000	1.000000000000	0.000000537377	0.000000045169	0.002666670000	0.008000000000	1.000000000000
12.695000000000	0.000000894306	0.000000000699	0.000666667000	0.043333350000	0.000000000000	0.000000875913	-0.000000044704	0.000666667000	0.048000000000	0.000000000000	0.000000912700	0.000000046101	0.000666667000	0.038666700000	0.000000000000
12.700000000000	0.000001301530	-0.000000092900	-0.000666666500	0.048666650000	1.000000000000	0.000001225160	-0.000000077766	0.000666667000	0.039000000000	1.000000000000	0.000001377900	-0.000000108034	-0.002000000000	0.058333300000	1.000000000000
12.705000000000	0.000001574405	-0.000000308037	0.000000000000	0.049333350000	0.000000000000	0.000001595360	-0.000000326430	-0.000666667000	0.037000000000	0.000000000000	0.000001553450	-0.000000289643	0.000666667000	0.061666700000	0.000000000000
12.710000000000	0.000002145080	-0.000000518983	0.000166667000	0.003666650000	1.000000000000	0.000002114580	-0.000000505712	0.000666667000	-0.050000000000	0.000000000000	0.000002175580	-0.000000532254	-0.000333333000	0.057333300000	2.000000000000
12.715000000000	0.000002621920	-0.000000783944	0.000833333500	0.010500000000	0.500000000000	0.000002553700	-0.000000732489	0.001000000000	-0.039333300000	0.000000000000	0.000002690140	-0.000000835400	0.000666667000	0.060333300000	1.000000000000
12.720000000000	0.000003068255	-0.000000900593	-0.002000000000	0.003666650000	1.000000000000	0.000003083620	-0.000000883363	-0.002000000000	-0.050000000000	2.000000000000	0.000003052890	-0.000000917822	-0.002000000000	0.057333300000	0.000000000000
12.725000000000	0.000003476640	-0.000001003506	0.000666667000	-0.011000000000	1.000000000000	0.000003569770	-0.000000999782	0.000666667000	-0.051333300000	1.000000000000	0.000003383510	-0.000001007230	0.000666667000	0.029333300000	1.000000000000
12.730000000000	0.000003560925	-0.000000947859	0.002333330000	-0.044333350000	0.000000000000	0.000003536710	-0.000000976965	0.002333330000	-0.039000000000	0.000000000000	0.000003585140	-0.000000918753	0.002333330000	-0.049666700000	0.000000000000
12.735000000000	0.000003428215	-0.000000934587	0.000666667000	-0.030333350000	0.500000000000	0.000003507380	-0.000000845645	0.000666667000	-0.035000000000	0.000000000000	0.000003349050	-0.000001023530	0.000666667000	-0.025666700000	1.000000000000
12.740000000000	0.000003190025	-0.000000877543	-0.000500000000	-0.030166650000	0.500000000000	0.000003106440	-0.000000806995	-0.000666667000	-0.036000000000	1.000000000000	0.000003273610	-0.000000948090	-0.000333333000	-0.024333300000	0.000000000000
12.745000000000	0.000002836590	-0.000000919221	0.001499998500	0.000500000000	0.000000000000	0.000002769770	-0.000000856820	0.000666667000	0.029666700000	0.000000000000	0.000002903410	-0.000000981621	0.002333330000	-0.028666700000	0.000000000000
12.750000000000	0.000002498520	-0.000000713630	0.000333333500	0.015833350000	0.000000000000	0.000002538800	-0.000000763222	-0.000333333000	0.058666700000	0.000000000000	0.000002458240	-0.000000664037	0.001000000000	-0.027000000000	0.000000000000
12.755000000000	0.000002257075	-0.000000475676	0.000833333500	-0.003333350000	0.000000000000	0.000002371630	-0.000000469854	0.000666667000	0.034000000000	0.000000000000	0.000002142520	-0.000000481497	0.001000000000	-0.040666700000	0.000000000000
12.760000000000	0.000001756720	-0.000000257744	0.000999998500	0.041166700000	0.000000000000	0.000001940890	-0.000000226312	-0.000333333000	0.058666700000	0.000000000000	0.000001572550	-0.000000289177	0.002333330000	0.023666700000	0.000000000000
12.765000000000	0.000001471495	-0.000000108034	0.000833333500	0.056166650000	0.000000000000	0.000001512940	-0.000000289643	0.000666667000	0.061333300000	0.000000000000	0.000001430050	0.000000073575	0.001000000000	0.051000000000	0.000000000000
12.770000000000	0.000001112470	0.000000021653	-0.001333331500	0.052333300000	0.000000000000	0.000001090120	-0.000000096392	-0.002333330000	0.052333300000	0.000000000000	0.000001134820	0.000000139699	-0.000333333000	0.052333300000	0.000000000000
12.775000000000	0.000000902459	0.000000105007	0.001666668500	0.008833300000	0.000000000000	0.000001079880	0.000000042375	-0.000333333000	-0.017666700000	0.000000000000	0.000000725038	0.000000167639	0.003666670000	0.035333300000	0.000000000000
12.780000000000	0.000000422124	0.000000194415	0.000166667000	-0.008166650000	1.000000000000	0.000000570904	0.000000136440	0.000666667000	0.014000000000	2.000000000000	0.000000273345	0.000000252390	-0.000333333000	-0.030333300000	0.000000000000
12.785000000000	0.000000182074	0.000000242844	0.001499998500	-0.003500000000	1.000000000000	0.000000420028	0.000000233763	0.002333330000	0.008000000000	0.000000000000	-0.000000055880	0.000000251925	0.000666667000	-0.015000000000	2.000000000000
12.790000000000	0.000000068452	0.000000315254	-0.000666666500	-0.007999985000	0.500000000000	0.000000237488	0.000000172296	-0.002000000000	-0.002666670000	0.000000000000	-0.000000100583	0.000000458213	0.000666667000	-0.013333300000	1.000000000000
12.795000000000	0.000000183239	0.000000277070	0.001166668500	0.004833335000	0.000000000000	0.000000174624	0.000000122935	0.002666670000	-0.004333330000	0.000000000000	0.000000191853	0.000000431204	-0.000333333000	0.014000000000	0.000000000000
12.800000000000	0.000000231901	0.000000344125	0.000666667000	0.012833350000	0.500000000000	0.000000256581	0.000000323171	0.000666667000	-0.036000000000	1.000000000000	0.000000207220	0.000000365080	0.000666667000	0.061666700000	0.000000000000
12.805000000000	0.000000304311	0.000000234927	-0.001499998500	0.022666700000	0.500000000000	0.000000210014	0.000000356233	-0.002333330000	0.029666700000	0.000000000000	0.000000398608	0.000000113622	-0.000666667000	0.015666700000	1.000000000000
12.810000000000	0.000000367874	0.000000245638	0.000166667000	0.009500000000	0.000000000000	0.000000291506	0.000000374859	-0.000333333000	-0.031666700000	0.000000000000	0.000000444243	0.000000116416	0.000666667000	0.050666700000	0.000000000000
12.815000000000	0.000000382311	0.000000267757	-0.000500000000	0.009666650000	0.500000000000	0.000000247734	0.000000214205	-0.000666667000	-0.031666700000	0.000000000000	0.000000516888	0.000000321308	-0.000333333000	0.051000000000	1.000000000000
12.820000000000	0.000000465664	0.000000230969	0.000666667000	0.013333350000	0.500000000000	0.000000313392	0.000000334347	0.000666667000	-0.030333300000	1.000000000000	0.000000617936	0.000000127592	0.000666667000	0.057000000000	0.000000000000
12.825000000000	0.000000616539	0.000000166940	0.000333333500	0.014166650000	0.500000000000	0.000000517819	0.000000215602	0.001000000000	-0.028666700000	1.000000000000	0.000000715259	0.000000118278	-0.000333333000	0.057000000000	0.000000000000
12.830000000000	0.000000707110	0.000000255883	0.000166665000	0.002000000000	0.500000000000	0.000000634234	0.000000270551	-0.002000000000	0.055666700000	0.000000000000	0.000000779986	0.000000241214	0.002333330000	-0.051666700000	1.000000000000
12.835000000000	0.000000925275	0.000000218862	0.000666667000	-0.004166700000	1.000000000000	0.000000990469	0.000000156463	0.000666667000	0.029333300000	1.000000000000	0.000000860080	0.000000281261	0.000666667000	-0.037666700000	1.000000000000
12.840000000000	0.000000930628	0.000000130386	-0.003166665000	0.003333300000	0.000000000000	0.000000952281	0.000000056811	-0.004000000000	0.055333300000	0.000000000000	0.000000908974	0.000000203961	-0.002333330000	-0.048666700000	0.000000000000
12.845000000000	0.000000757634	0.000000235859	0.000333333500	0.004500000000	0.500000000000	0.000000719916	0.000000199304	-0.000333333000	0.058666700000	0.000000000000	0.000000795353	0.000000272414	0.001000000000	-0.049666700000	1.000000000000
12.850000000000	0.000001010723	0.000000073575	0.000000000000	0.003000000000	0.500000000000	0.000001100830	0.000000015367	0.000666667000	0.057333300000	0.000000000000	0.000000920616	0.000000131783	-0.000666667000	-0.051333300000	1.000000000000
12.855000000000	0.000000957869	0.000000108267	-0.000500000000	0.002833350000	0.500000000000	0.000001142270	0.000000182074	-0.000666667000	0.057000000000	0.000000000000	0.000000773467	0.000000034459	-0.000333333000	-0.051333300000	1.000000000000
12.860000000000	0.000000966487	0.000000107103	0.000166667000	-0.017166685000	1.000000000000	0.000001115270	0.000000135974	0.000666667000	-0.031666700000	1.000000000000	0.000000817705	0.000000078232	-0.000333333000	-0.002666670000	1.000000000000
12.865000000000	0.000001056130	0.000000144356	-0.000666666500	0.006666650000	1.000000000000	0.000001092450	0.000000208617	-0.002000000000	-0.044000000000	1.000000000000	0.000001019810	0.000000080094	0.000666667000	0.057333300000	1.000000000000
12.870000000000	0.000001069165	0.000000096625	-0.001333333500	-0.011833315000	1.000000000000	0.000000915959	0.000000115019	-0.000666667000	-0.025333300000	2.000000000000	0.000001222370	0.000000078232	-0.002000000000	0.001666670000	0.000000000000
12.875000000000	0.000001148325	0.000000030734	0.001499998500	-0.010333350000	0.500000000000	0.000001029580	-0.000000001397	0.002333330000	-0.025666700000	0.000000000000	0.000001267070	0.000000062865	0.000666667000	0.005000000000	1.000000000000
12.880000000000	0.000001133890	0.000000060536	0.000666667000	-0.005500000000	0.000000000000	0.000001026790	0.000000026077	0.000666667000	-0.045333300000	0.000000000000	0.000001240990	0.000000094995	0.000666667000	0.034333300000	0.000000000000
12.885000000000	0.000001206770	-0.000000039582	0.000999998500	-0.005666700000	0.000000000000	0.000001160440	-0.000000060071	0.002333330000	-0.046666700000	0.000000000000	0.000001253100	-0.000000019092	-0.000333333000	0.035333300000	0.000000000000
12.890000000000	0.000001152290	-0.000000101515	0.000000000000	0.013500000000	0.500000000000	0.000001121790	-0.000000145753	-0.000666667000	-0.027333300000	0.000000000000	0.000001182790	-0.000000057277	0.000666667000	0.054333300000	1.000000000000
12.895000000000	0.000000982781	-0.000000104542	0.000000000000	0.017166685000	1.000000000000	0.000000949953	-0.000000345057	-0.000666667000	0.041666700000	0.000000000000	0.000001015610	0.000000135974	0.000666667000	-0.007333330000	2.000000000000
12.900000000000	0.000001056595	-0.000000122237	-0.001333333500	0.001333300000	0.500000000000	0.000001024930	-0.000000371600	-0.002000000000	-0.028666700000	1.000000000000	0.000001088260	0.000000127126	-0.000666667000	0.031333300000	0.000000000000
