12.650000000000	0.000000964620	-0.000000000233	0.000666667000	0.016333300000	0.500000000000	0.000000910371	0.000000007916	0.000666667000	0.061333300000	0.000000000000	0.000001018870	-0.000000008382	0.000666667000	-0.028666700000	1.000000000000
12.655000000000	0.000000355301	0.000000250993	-0.001333333500	-0.020833300000	0.000000000000	0.000000350179	0.000000290109	-0.002000000000	-0.028333300000	0.000000000000	0.000000360424	0.000000211877	-0.000666667000	-0.013333300000	0.000000000000
12.660000000000	-0.000000134810	0.000000423288	-0.000500000000	0.015833350000	0.500000000000	-0.000000004657	0.000000437258	-0.000333333000	0.052666700000	0.000000000000	-0.000000264963	0.000000409318	-0.000666667000	-0.021000000000	1.000000000000
12.665000000000	-0.000000175322	0.000000426083	0.000000000000	-0.015666650000	1.000000000000	-0.000000122935	0.000000288712	0.000666667000	0.015666700000	1.000000000000	-0.000000227709	0.000000563454	-0.000666667000	-0.047000000000	1.000000000000
12.670000000000	0.000000356931	0.000000196743	0.001499998500	-0.011833315000	1.000000000000	0.000000319911	0.000000025612	0.000666667000	0.001666670000	1.000000000000	0.000000393951	0.000000367874	0.002333330000	-0.025333300000	1.000000000000
12.675000000000	0.000000931561	-0.000000020256	0.000166667000	-0.009666665000	0.500000000000	0.000000892211	-0.000000198838	-0.000333333000	-0.004333330000	1.000000000000	0.000000970911	0.000000158326	0.000666667000	-0.015000000000	0.000000000000
12.680000000000	0.000001748565	-0.000000293135	0.000166666500	0.013666700000	0.500000000000	0.000001776970	-0.000000442380	0.001000000000	0.055666700000	0.000000000000	0.000001720160	-0.000000143890	-0.000666667000	-0.028333300000	1.000000000000
12.685000000000	0.000002489670	-0.000000623523	-0.001333333500	-0.018833335000	0.500000000000	0.000002547180	-0.000000795353	-0.002000000000	0.009333330000	1.000000000000	0.000002432160	-0.000000451693	-0.000666667000	-0.047000000000	0.000000000000
12.690000000000	0.000003282460	-0.000001103626	-0.000666667000	-0.005833315000	1.000000000000	0.000003395150	-0.000001213990	-0.000666667000	0.001666670000	1.000000000000	0.000003169770	-0.000000993263	-0.000666667000	-0.013333300000	1.000000000000
12.695000000000	0.000003773740	-0.000001337385	-0.000500000000	-0.027000000000	1.500000000000	0.000003846860	-0.000001384420	-0.000666667000	-0.010333300000	1.000000000000	0.000003700620	-0.000001290350	-0.000333333000	-0.043666700000	2.000000000000
12.700000000000	0.000004036845	-0.000001351820	0.000000000000	-0.033833350000	0.500000000000	0.000004098310	-0.000001407700	0.000666667000	-0.018000000000	0.000000000000	0.000003975380	-0.000001295940	-0.000666667000	-0.049666700000	1.000000000000
12.705000000000	0.000003850110	-0.000001215615	-0.000333333000	0.009000000000	0.500000000000	0.000003927420	-0.000001229820	-0.000333333000	0.057333300000	1.000000000000	0.000003772800	-0.000001201410	-0.000333333000	-0.039333300000	0.000000000000
12.710000000000	0.000003377920	-0.000001012354	0.002333335000	-0.003500000000	0.000000000000	0.000003397940	-0.000001071960	0.003666670000	0.038666700000	0.000000000000	0.000003357900	-0.000000952747	0.001000000000	-0.045666700000	0.000000000000
12.715000000000	0.000002630535	-0.000000667994	0.000166667000	0.005666650000	0.500000000000	0.000002648700	-0.000000598844	0.000666667000	0.061333300000	1.000000000000	0.000002612370	-0.000000737145	-0.000333333000	-0.050000000000	0.000000000000
12.720000000000	0.000001410030	-0.000000320609	0.000166667000	0.018333300000	0.000000000000	0.000001356480	-0.000000289643	-0.000333333000	0.057333300000	0.000000000000	0.000001463580	-0.000000351576	0.000666667000	-0.020666700000	0.000000000000
12.725000000000	0.000000485455	0.000000240282	-0.000666666500	0.027833335000	0.000000000000	0.000000332950	0.000000222587	0.000666667000	0.063000000000	0.000000000000	0.000000637960	0.000000257978	-0.002000000000	-0.007333330000	0.000000000000
12.730000000000	-0.000000438190	0.000000725739	0.000166665000	0.017333300000	0.500000000000	-0.000000622127	0.000000437258	-0.002000000000	0.055333300000	1.000000000000	-0.000000254253	0.000001014220	0.002333330000	-0.020666700000	0.000000000000
12.735000000000	-0.000001296640	0.000001034473	0.000166667000	0.018000000000	0.500000000000	-0.000001370910	0.000000906646	0.000666667000	0.043000000000	1.000000000000	-0.000001222370	0.000001162300	-0.000333333000	-0.007000000000	0.000000000000
12.740000000000	-0.000001810265	0.000001333895	0.000666667000	-0.006666700000	0.500000000000	-0.000001860320	0.000001268000	0.000666667000	0.035333300000	0.000000000000	-0.000001760210	0.000001399790	0.000666667000	-0.048666700000	1.000000000000
12.745000000000	-0.000002135770	0.000001502460	0.000000000000	0.007500000000	0.000000000000	-0.000002295260	0.000001513870	-0.000666667000	0.048000000000	0.000000000000	-0.000001976280	0.000001491050	0.000666667000	-0.033000000000	0.000000000000
12.750000000000	-0.000002163240	0.000001440530	0.000000000000	-0.007333350000	0.500000000000	-0.000002242170	0.000001486860	0.000666667000	0.032333300000	1.000000000000	-0.000002084310	0.000001394200	-0.000666667000	-0.047000000000	0.000000000000
12.755000000000	-0.000001932510	0.000001276385	0.001499998500	-0.003333350000	0.500000000000	-0.000001939030	0.000001363930	0.002333330000	0.043000000000	0.000000000000	-0.000001925990	0.000001188840	0.000666667000	-0.049666700000	1.000000000000
12.760000000000	-0.000001514800	0.000001127375	-0.000666665000	0.019666700000	1.500000000000	-0.000001417010	0.000001129240	-0.002333330000	0.058666700000	2.000000000000	-0.000001612590	0.000001125510	0.001000000000	-0.019333300000	1.000000000000
12.765000000000	-0.000000987438	0.000000824457	0.000000000000	-0.004166650000	0.000000000000	-0.000000878706	0.000000746924	-0.000666667000	0.019000000000	0.000000000000	-0.000001096170	0.000000901990	0.000666667000	-0.027333300000	0.000000000000
12.770000000000	-0.000000421892	0.000000583477	0.001499998500	0.013500000000	0.500000000000	-0.000000229106	0.000000488482	0.000666667000	0.060000000000	1.000000000000	-0.000000614677	0.000000678472	0.002333330000	-0.033000000000	0.000000000000
12.775000000000	0.000000026776	0.000000373928	0.000000000000	0.018833300000	0.500000000000	0.000000104309	0.000000349248	-0.000666667000	0.057333300000	1.000000000000	-0.000000050757	0.000000398608	0.000666667000	-0.019666700000	0.000000000000
12.780000000000	0.000000596282	0.000000121073	0.001666668500	-0.004166650000	0.500000000000	0.000000535048	0.000000181609	0.000666667000	0.041666700000	1.000000000000	0.000000657517	0.000000060536	0.002666670000	-0.050000000000	0.000000000000
12.785000000000	0.000000946928	0.000000020023	-0.000666667000	0.005166700000	1.500000000000	0.000000910837	0.000000199770	-0.000666667000	0.049666700000	1.000000000000	0.000000983018	-0.000000159723	-0.000666667000	-0.039333300000	2.000000000000
12.790000000000	0.000001088022	-0.000000104076	-0.000500000000	0.003666650000	0.000000000000	0.000001177660	-0.000000075438	0.001000000000	0.031000000000	0.000000000000	0.000000998385	-0.000000132714	-0.002000000000	-0.023666700000	0.000000000000
12.795000000000	0.000001408870	-0.000000250760	-0.001166666500	-0.008000000000	0.500000000000	0.000001558580	-0.000000172761	-0.002000000000	0.015666700000	0.000000000000	0.000001259160	-0.000000328759	-0.000333333000	-0.031666700000	1.000000000000
12.800000000000	0.000001582090	-0.000000173925	0.000666667000	0.003666650000	0.500000000000	0.000001810960	-0.000000124332	0.000666667000	0.057333300000	0.000000000000	0.000001353220	-0.000000223518	0.000666667000	-0.050000000000	1.000000000000
12.805000000000	0.000001794205	-0.000000091736	0.000166667000	0.022666650000	0.000000000000	0.000001934370	-0.000000051689	0.000666667000	0.060333300000	0.000000000000	0.000001654040	-0.000000131783	-0.000333333000	-0.015000000000	0.000000000000
12.810000000000	0.000001890360	-0.000000208152	-0.000666666500	0.012833350000	0.500000000000	0.000002015860	-0.000000272414	0.000666667000	0.057000000000	0.000000000000	0.000001764860	-0.000000143890	-0.002000000000	-0.031333300000	1.000000000000
12.815000000000	0.000001824700	-0.000000213041	0.000166667000	0.009000000000	0.000000000000	0.000001871030	-0.000000331087	0.000666667000	0.041666700000	0.000000000000	0.000001778370	-0.000000094995	-0.000333333000	-0.023666700000	0.000000000000
12.820000000000	0.000001758115	-0.000000337373	0.000666667000	0.044000000000	1.000000000000	0.000001650780	-0.000000409318	0.000666667000	0.034333300000	2.000000000000	0.000001865450	-0.000000265429	0.000666667000	0.053666700000	0.000000000000
12.825000000000	0.000001673825	-0.000000322705	0.000333333500	0.047166650000	0.500000000000	0.000001580460	-0.000000451693	-0.000333333000	0.037000000000	1.000000000000	0.000001767190	-0.000000193716	0.001000000000	0.057333300000	0.000000000000
12.830000000000	0.000001546000	-0.000000206056	-0.000500000000	0.038500000000	0.000000000000	0.000001475220	-0.000000260306	-0.000666667000	0.053666700000	0.000000000000	0.000001616780	-0.000000151806	-0.000333333000	0.023333300000	0.000000000000
12.835000000000	0.000001549260	-0.000000040746	0.001166668500	0.021833350000	1.000000000000	0.000001560900	-0.000000019092	-0.000333333000	0.038666700000	1.000000000000	0.000001537620	-0.000000062399	0.002666670000	0.005000000000	1.000000000000
12.840000000000	0.000001550660	0.000000000699	0.000999998500	0.005666700000	0.500000000000	0.000001600490	-0.000000096392	-0.000333333000	0.024666700000	1.000000000000	0.000001500830	0.000000097789	0.002333330000	-0.013333300000	0.000000000000
12.845000000000	0.000001533195	-0.000000040978	0.000166667000	0.020333350000	0.000000000000	0.000001613990	-0.000000031665	-0.000333333000	0.063000000000	0.000000000000	0.000001452400	-0.000000050292	0.000666667000	-0.022333300000	0.000000000000
12.850000000000	0.000001387445	-0.000000071712	-0.000500000000	0.033500000000	0.500000000000	0.000001419810	-0.000000102446	-0.000666667000	0.035666700000	0.000000000000	0.000001355080	-0.000000040978	-0.000333333000	0.031333300000	1.000000000000
12.855000000000	0.000001468470	0.000000043074	0.000333333500	0.061500000000	0.000000000000	0.000001643790	0.000000025612	0.001000000000	0.063000000000	0.000000000000	0.000001293150	0.000000060536	-0.000333333000	0.060000000000	0.000000000000
12.860000000000	0.000001434705	0.000000110595	-0.000333333000	0.046500000000	1.000000000000	0.000001403040	0.000000169967	-0.000333333000	0.058666700000	1.000000000000	0.000001466370	0.000000051223	-0.000333333000	0.034333300000	1.000000000000
12.865000000000	0.000001356715	0.000000003725	0.000999998500	0.056000000000	0.500000000000	0.000001297810	-0.000000119676	0.002333330000	0.061333300000	0.000000000000	0.000001415620	0.000000127126	-0.000333333000	0.050666700000	1.000000000000
12.870000000000	0.000001254265	0.000000023982	-0.000666666500	0.030166700000	0.000000000000	0.000001257290	-0.000000009313	-0.002000000000	0.041666700000	0.000000000000	0.000001251240	0.000000057277	0.000666667000	0.018666700000	0.000000000000
12.875000000000	0.000001190705	0.000000000931	0.000000000000	0.031000000000	0.000000000000	0.000001286630	0.000000072644	0.002333330000	0.027666700000	0.000000000000	0.000001094780	-0.000000070781	-0.002333330000	0.034333300000	0.000000000000
12.880000000000	0.000001152520	0.000000037020	-0.000333333000	0.016500000000	1.000000000000	0.000001225160	0.000000093598	-0.000333333000	-0.025666700000	1.000000000000	0.000001079880	-0.000000019558	-0.000333333000	0.058666700000	1.000000000000
12.885000000000	0.000001021667	0.000000012340	0.000000000000	0.033000000000	1.500000000000	0.000001219110	0.000000012107	0.000666667000	0.046000000000	2.000000000000	0.000000824224	0.000000012573	-0.000666667000	0.020000000000	1.000000000000
12.890000000000	0.000001014913	0.000000038650	0.000666667000	0.042666650000	1.000000000000	0.000001119920	-0.000000015367	0.000666667000	0.025000000000	1.000000000000	0.000000909906	0.000000092667	0.000666667000	0.060333300000	1.000000000000
12.895000000000	0.000001075455	-0.000000042143	0.000166667000	0.048500000000	0.000000000000	0.000001079880	0.000000102446	-0.000333333000	0.034000000000	0.000000000000	0.000001071030	-0.000000186731	0.000666667000	0.063000000000	0.000000000000
12.900000000000	0.000001115735	0.000000064029	0.000833333500	0.037000000000	0.500000000000	0.000001108750	0.000000080094	0.001000000000	0.015666700000	1.000000000000	0.000001122720	0.000000047963	0.000666667000	0.058333300000	0.000000000000
