12.650000000000	0.000001299435	-0.000000176021	0.000166666500	-0.028833350000	0.500000000000	0.000001436570	-0.000000098721	-0.000666667000	-0.045666700000	0.000000000000	0.000001162300	-0.000000253322	0.001000000000	-0.012000000000	1.000000000000
12.655000000000	0.000001173710	-0.000000032364	0.001499998500	0.045000000000	0.500000000000	0.000001193500	0.000000001397	0.000666667000	0.060333300000	0.000000000000	0.000001153920	-0.000000066124	0.002333330000	0.029666700000	1.000000000000
12.660000000000	0.000001284535	-0.000000015367	0.000000000000	0.044666650000	0.000000000000	0.000001286630	0.000000045635	0.000666667000	0.057000000000	0.000000000000	0.000001282440	-0.000000076369	-0.000666667000	0.032333300000	0.000000000000
12.665000000000	0.000001655435	0.000000028638	0.000666667000	-0.016333315000	1.000000000000	0.000001592570	0.000000043307	0.000666667000	-0.007333330000	1.000000000000	0.000001718300	0.000000013970	0.000666667000	-0.025333300000	1.000000000000
12.670000000000	0.000001880350	-0.000000189758	-0.000333333000	-0.044833350000	1.000000000000	0.000001859860	-0.000000230969	-0.000333333000	-0.041000000000	1.000000000000	0.000001900840	-0.000000148547	-0.000333333000	-0.048666700000	1.000000000000
12.675000000000	0.000002200030	-0.000000373928	-0.000833331500	-0.009666700000	0.500000000000	0.000002143450	-0.000000449831	0.000666667000	-0.045666700000	1.000000000000	0.000002256610	-0.000000298025	-0.002333330000	0.026333300000	0.000000000000
12.680000000000	0.000002429600	-0.000000690813	0.001499998500	0.016500000000	0.000000000000	0.000002251950	-0.000000877310	0.002333330000	-0.022333300000	0.000000000000	0.000002607250	-0.000000504315	0.000666667000	0.055333300000	0.000000000000
12.685000000000	0.000002728095	-0.000000747623	-0.000666666500	0.029500015000	0.000000000000	0.000002679900	-0.000000666831	0.000666667000	0.003333330000	0.000000000000	0.000002776290	-0.000000828415	-0.002000000000	0.055666700000	0.000000000000
12.690000000000	0.000002833335	-0.000000625386	-0.001166666500	0.002500000000	0.500000000000	0.000002880600	-0.000000517353	-0.000333333000	-0.041000000000	0.000000000000	0.000002786070	-0.000000733420	-0.002000000000	0.046000000000	1.000000000000
12.695000000000	0.000002684090	-0.000000549252	0.000666667000	0.005833335000	1.000000000000	0.000002781880	-0.000000611883	0.000666667000	-0.004333330000	1.000000000000	0.000002586300	-0.000000486620	0.000666667000	0.016000000000	1.000000000000
12.700000000000	0.000002185365	-0.000000536911	0.000833333500	0.021166650000	0.500000000000	0.000002366970	-0.000000764154	0.001000000000	0.005000000000	0.000000000000	0.000002003760	-0.000000309667	0.000666667000	0.037333300000	1.000000000000
12.705000000000	0.000001833320	-0.000000371599	0.000166667000	0.036500000000	1.000000000000	0.000001882680	-0.000000475442	0.000666667000	0.043333300000	1.000000000000	0.000001783960	-0.000000267757	-0.000333333000	0.029666700000	1.000000000000
12.710000000000	0.000001091520	-0.000000032596	-0.000333333000	-0.027166685000	1.000000000000	0.000001078480	-0.000000038185	-0.000333333000	-0.045666700000	0.000000000000	0.000001104560	-0.000000027008	-0.000333333000	-0.008666670000	2.000000000000
12.715000000000	0.000000490112	0.000000204659	0.000000000000	-0.046166650000	0.000000000000	0.000000499658	0.000000202098	-0.000666667000	-0.048333300000	0.000000000000	0.000000480566	0.000000207220	0.000666667000	-0.044000000000	0.000000000000
12.720000000000	-0.000000176487	0.000000404894	-0.000833331500	0.027833350000	0.000000000000	-0.000000311064	0.000000376722	-0.002333330000	0.047666700000	0.000000000000	-0.000000041910	0.000000433067	0.000666667000	0.008000000000	0.000000000000
12.725000000000	-0.000000758799	0.000000650765	0.001499998500	0.009333300000	0.500000000000	-0.000000797216	0.000000670556	0.000666667000	0.061333300000	0.000000000000	-0.000000720382	0.000000630975	0.002333330000	-0.042666700000	1.000000000000
12.730000000000	-0.000001041458	0.000000844480	0.000166667000	0.018000015000	0.500000000000	-0.000000999316	0.000000847973	0.000666667000	0.044666700000	0.000000000000	-0.000001083600	0.000000840988	-0.000333333000	-0.008666670000	1.000000000000
12.735000000000	-0.000001125045	0.000000888485	-0.001499998500	0.033333350000	0.500000000000	-0.000001003040	0.000000942502	-0.002333330000	0.034000000000	0.000000000000	-0.000001247050	0.000000834469	-0.000666667000	0.032666700000	1.000000000000
12.740000000000	-0.000001105718	0.000000873584	0.000666667000	0.047833350000	1.000000000000	-0.000000995125	0.000000891745	0.000666667000	0.058666700000	1.000000000000	-0.000001216310	0.000000855423	0.000666667000	0.037000000000	1.000000000000
12.745000000000	-0.000000897333	0.000000739707	0.001166668500	0.035166650000	0.500000000000	-0.000000793956	0.000000787903	0.002666670000	0.060333300000	0.000000000000	-0.000001000710	0.000000691511	-0.000333333000	0.010000000000	1.000000000000
12.750000000000	-0.000000475676	0.000000620497	0.000166667000	-0.009500000000	1.000000000000	-0.000000439586	0.000000707809	0.000666667000	0.026333300000	0.000000000000	-0.000000511765	0.000000533186	-0.000333333000	-0.045333300000	2.000000000000
12.755000000000	-0.000000132947	0.000000363451	0.000166667000	0.019666700000	1.000000000000	-0.000000101049	0.000000419563	0.000666667000	-0.010333300000	1.000000000000	-0.000000164845	0.000000307338	-0.000333333000	0.049666700000	1.000000000000
12.760000000000	0.000000329457	0.000000176719	0.000666667000	0.021166650000	1.000000000000	0.000000300819	0.000000151806	0.000666667000	-0.018000000000	2.000000000000	0.000000358095	0.000000201632	0.000666667000	0.060333300000	0.000000000000
12.765000000000	0.000000786739	0.000000081957	0.001666668500	0.000166650000	0.000000000000	0.000000732955	0.000000059605	0.002666670000	-0.042666700000	0.000000000000	0.000000840522	0.000000104309	0.000666667000	0.043000000000	0.000000000000
12.770000000000	0.000001260785	-0.000000156230	-0.000666666500	0.011833350000	0.000000000000	0.000001219110	-0.000000245405	0.000666667000	-0.015000000000	0.000000000000	0.000001302460	-0.000000067056	-0.002000000000	0.038666700000	0.000000000000
12.775000000000	0.000001752290	-0.000000277303	-0.001333331500	0.015833300000	0.500000000000	0.000001830520	-0.000000359027	-0.000333333000	-0.025666700000	0.000000000000	0.000001674060	-0.000000195579	-0.002333330000	0.057333300000	1.000000000000
12.780000000000	0.000001997470	-0.000000390692	0.001499998500	0.015000000000	0.000000000000	0.000001918540	-0.000000435861	0.002333330000	-0.022333300000	0.000000000000	0.000002076400	-0.000000345522	0.000666667000	0.052333300000	0.000000000000
12.785000000000	0.000002194680	-0.000000511299	0.000666667000	0.025000000000	0.000000000000	0.000002123900	-0.000000531323	0.000666667000	0.016000000000	-1.000000000000	0.000002265460	-0.000000491276	0.000666667000	0.034000000000	1.000000000000
12.790000000000	0.000002330650	-0.000000557399	0.000166667000	0.010833335000	0.500000000000	0.000002226810	-0.000000638425	-0.000333333000	0.020000000000	1.000000000000	0.000002434490	-0.000000476373	0.000666667000	0.001666670000	0.000000000000
12.795000000000	0.000002447765	-0.000000424220	-0.000666666500	-0.009666665000	0.500000000000	0.000002299450	-0.000000362752	0.000666667000	-0.015000000000	1.000000000000	0.000002596080	-0.000000485688	-0.002000000000	-0.004333330000	0.000000000000
12.800000000000	0.000002408415	-0.000000510367	0.000000000000	-0.038166650000	1.500000000000	0.000002346020	-0.000000326430	0.000666667000	-0.042000000000	1.000000000000	0.000002470810	-0.000000694305	-0.000666667000	-0.034333300000	2.000000000000
12.805000000000	0.000002245200	-0.000000562521	-0.000833331500	0.025833300000	1.000000000000	0.000002245900	-0.000000455884	0.000666667000	0.023333300000	1.000000000000	0.000002244500	-0.000000669159	-0.002333330000	0.028333300000	1.000000000000
12.810000000000	0.000002193280	-0.000000510834	0.001000001500	0.001166650000	0.500000000000	0.000002097820	-0.000000321774	0.002666670000	0.052333300000	1.000000000000	0.000002288740	-0.000000699893	-0.000666667000	-0.050000000000	0.000000000000
12.815000000000	0.000002364640	-0.000000558563	0.000166667000	0.014000000000	0.000000000000	0.000002209110	-0.000000382775	-0.000333333000	0.061333300000	0.000000000000	0.000002520170	-0.000000734351	0.000666667000	-0.033333300000	0.000000000000
12.820000000000	0.000002210045	-0.000000634467	0.000166667000	0.019000000000	0.500000000000	0.000002090370	-0.000000702221	-0.000333333000	0.042000000000	1.000000000000	0.000002329720	-0.000000566713	0.000666667000	-0.004000000000	0.000000000000
12.825000000000	0.000002013300	-0.000000730160	-0.000500000000	0.040000000000	0.500000000000	0.000001996770	-0.000000831675	-0.000333333000	0.050666700000	0.000000000000	0.000002029830	-0.000000628646	-0.000666667000	0.029333300000	1.000000000000
12.830000000000	0.000001853345	-0.000000391390	0.001499998500	0.003500000000	1.000000000000	0.000001966970	-0.000000422822	0.000666667000	0.038666700000	0.000000000000	0.000001739720	-0.000000359958	0.002333330000	-0.031666700000	2.000000000000
12.835000000000	0.000001782095	-0.000000282891	0.000000000000	-0.020166650000	0.000000000000	0.000001801650	-0.000000412112	0.000666667000	0.011000000000	0.000000000000	0.000001762540	-0.000000153669	-0.000666667000	-0.051333300000	0.000000000000
12.840000000000	0.000001592100	-0.000000099186	0.000166665000	-0.013500015000	0.500000000000	0.000001605140	-0.000000212342	0.002333330000	-0.022666700000	0.000000000000	0.000001579060	0.000000013970	-0.002000000000	-0.004333330000	1.000000000000
12.845000000000	0.000001641695	-0.000000077766	0.000000000000	-0.010166700000	0.000000000000	0.000001665210	-0.000000192785	-0.000666667000	-0.046666700000	0.000000000000	0.000001618180	0.000000037253	0.000666667000	0.026333300000	0.000000000000
12.850000000000	0.000001662650	-0.000000127126	0.001499998500	0.016666650000	0.000000000000	0.000001622840	-0.000000339935	0.002333330000	-0.021000000000	0.000000000000	0.000001702460	0.000000085682	0.000666667000	0.054333300000	0.000000000000
12.855000000000	0.000001622835	-0.000000334579	-0.000833331500	0.050833300000	0.500000000000	0.000001593030	-0.000000375790	0.000666667000	0.040333300000	0.000000000000	0.000001652640	-0.000000293368	-0.002333330000	0.061333300000	1.000000000000
12.860000000000	0.000001613060	-0.000000216068	0.001666665000	-0.015500000000	0.000000000000	0.000001594900	-0.000000265894	0.002333330000	-0.047000000000	0.000000000000	0.000001631220	-0.000000166242	0.001000000000	0.016000000000	0.000000000000
12.865000000000	0.000001500600	-0.000000237721	0.000166666500	-0.017833350000	0.000000000000	0.000001420740	-0.000000358095	-0.000666667000	-0.048666700000	0.000000000000	0.000001580460	-0.000000117347	0.001000000000	0.013000000000	0.000000000000
12.870000000000	0.000001495475	-0.000000374393	-0.000666666500	0.009166650000	1.500000000000	0.000001543670	-0.000000392089	-0.002000000000	-0.042000000000	2.000000000000	0.000001447280	-0.000000356698	0.000666667000	0.060333300000	1.000000000000
12.875000000000	0.000001415615	-0.000000242843	-0.001333333500	0.025000015000	1.000000000000	0.000001588840	-0.000000257978	-0.002000000000	-0.008666670000	1.000000000000	0.000001242390	-0.000000227709	-0.000666667000	0.058666700000	1.000000000000
12.880000000000	0.000001455665	-0.000000156929	-0.000333333000	-0.008666700000	0.500000000000	0.000001674990	-0.000000304079	-0.000333333000	-0.051666700000	1.000000000000	0.000001236340	-0.000000009779	-0.000333333000	0.034333300000	0.000000000000
12.885000000000	0.000001487795	-0.000000181376	-0.000500000000	-0.015500000000	0.500000000000	0.000001567420	-0.000000158326	-0.002000000000	-0.042000000000	0.000000000000	0.000001408170	-0.000000204426	0.001000000000	0.011000000000	1.000000000000
12.890000000000	0.000001440530	-0.000000155298	0.000000000000	0.034666665000	0.000000000000	0.000001581860	-0.000000180677	0.000666667000	0.009333330000	0.000000000000	0.000001299200	-0.000000129920	-0.000666667000	0.060000000000	0.000000000000
12.895000000000	0.000001295480	-0.000000126428	-0.000333333000	0.041833300000	0.000000000000	0.000001342510	-0.000000088010	-0.000333333000	0.043333300000	0.000000000000	0.000001248450	-0.000000164845	-0.000333333000	0.040333300000	0.000000000000
12.900000000000	0.000001319690	-0.000000164147	-0.001999998500	0.044166650000	0.000000000000	0.000001265210	-0.000000108500	-0.003333330000	0.060000000000	0.000000000000	0.000001374170	-0.000000219793	-0.000666667000	0.028333300000	0.000000000000
